   1.2500000000000000E-003  0.99999944680834307        5.5319184262483493E-007   999.99922553181966        2499.9994468083860        2.0698541152550753E-005   1000.0000000000537     
   3.7499999999999999E-003  0.99999865285103617        1.3472191881488901E-006   999.99811399192811        2499.9986528504155        5.0408312687895876E-005   999.99999999996930     
   6.2500000000000003E-003  0.99999773217089494        2.2678913623785553E-006   999.99682504090981        2499.9977321698948        8.4856686196309683E-005   1000.0000000002168     
   8.7500000000000008E-003  0.99999575791227435        4.2421645996141275E-006   999.99406108258881        2499.9957579077914        1.5872713043337515E-004   1000.0000000003661     
   1.1250000000000000E-002  0.99999249283435665        7.5072627745026564E-006   999.98948998533967        2499.9924928211003        2.8089563039900923E-004   1000.0000000014602     
   1.3750000000000000E-002  0.99998669750381664        1.3302663244478177E-005   999.98137655881999        2499.9866974605520        4.9773875768150322E-004   1000.0000000039289     
   1.6250000000000001E-002  0.99997687544478242        2.3124927040353073E-005   999.96762578394021        2499.9768753131470        8.6525153902951540E-004   1000.0000000115159     
   1.8749999999999999E-002  0.99996030109397394        3.9699876573385012E-005   999.94442200397918        2499.9603006989951        1.4854215701681243E-003   1000.0000000311330     
   2.1250000000000002E-002  0.99993289462828161        6.7108029785880151E-005   999.90605382290073        2499.9328934833406        2.5109188531198135E-003   1000.0000000824207     
   2.3750000000000000E-002  0.99988827018779025        1.1173708525511975E-004   999.84358196711651        2499.8882669644049        4.1807254760526831E-003   1000.0000002087704     
   2.6249999999999999E-002  0.99981691681841345        1.8310265524300391E-004   999.74369344037893        2499.8169080338548        6.8508231453628839E-003   1000.0000005089404     
   2.8750000000000001E-002  0.99970488043146921        2.9517020798858288E-004   999.58685817987464        2499.7048572686185        1.1043605945030554E-002   1000.0000011881123     
   3.1250000000000000E-002  0.99953230927002112        4.6781817363982675E-004   999.34529687970985        2499.5322502620061        1.7502515661444382E-002   1000.0000026519934     
   3.3750000000000002E-002  0.99927171583912799        7.2859399466866117E-004   998.98055634530522        2499.2715707619673        2.7257519118338774E-002   1000.0000056432517     
   3.6249999999999998E-002  0.99888617775344624        1.1145489899899970E-003   998.44100770265266        2498.8858338900168        4.1693310851828681E-002   1000.0000114202172     
   3.8750000000000000E-002  0.99832755209226043        1.6740912541148008E-003   997.65937825708124        2498.3267670170512        6.2617793714805553E-002   1000.0000219341536     
   4.1250000000000002E-002  0.99753478221430314        2.4687991169741784E-003   996.55043740595238        2497.5330564259484        9.2328416984535047E-002   1000.0000399603177     
   4.3750000000000004E-002  0.99643200546830424        3.5755197485650425E-003   995.00844366733020        2496.4283518765919       0.13368809897130682        1000.0000692462557     
   4.6249999999999999E-002  0.99492538782223594        5.0898819150408383E-003   992.90287522860831        2494.9179289764270       0.19025227221609231        1000.0001152899022     
   4.8750000000000002E-002  0.99289582758878636        7.1341926240629742E-003   990.06849740990504        2492.8811006645401       0.26655671476754517        1000.0001891340027     
   5.1250000000000004E-002  0.99018380001809581        9.8736951201844128E-003   986.28466819573794        2490.1555352090027       0.36871173781950667        1000.0003191917266     
   5.3749999999999999E-002  0.98660160445684442        1.3505922398990551E-002   981.29313021092787        2486.5485870336720       0.50398398762832441        1000.0004930130688     
   5.6250000000000001E-002  0.98268228149367631        1.7498373251307361E-002   975.83995950351709        2482.5927410135077       0.65244578555979515        1000.0005119598025     
   5.8750000000000004E-002  0.97869739044691639        2.1577500656552204E-002   970.30446145395058        2478.5609702373554       0.80388690697440091        1000.0005199139246     
   6.1249999999999999E-002  0.97466054095962584        2.5730223709954040E-002   964.70597848519071        2474.4665910434983       0.95780780776992269        1000.0005348390191     
   6.3750000000000001E-002  0.97058200449234466        2.9946857299130925E-002   959.05909690797637        2470.3195929580547        1.1138375070098523        1000.0005533709921     
   6.6250000000000003E-002  0.96647088427703542        3.4218722627378406E-002   953.37673051209833        2466.1289492059250        1.2716444425028428        1000.0006046167761     
   6.8750000000000006E-002  0.96233477193747496        3.8538628737374722E-002   947.66957884812621        2461.9020492738118        1.4309539445653967        1000.0006673044285     
   7.1250000000000008E-002  0.95817979486280447        4.2900721714857842E-002   941.94627461866935        2457.6449004373462        1.5915422724638733        1000.0007384894229     
   7.3749999999999996E-002  0.95401097696499881        4.7300216658545280E-002   936.21387577526627        2453.3624307805389        1.7532263885123935        1000.0008130399901     
   7.6249999999999998E-002  0.94983246650408049        5.1733154464148397E-002   930.47819361892039        2449.0587193855499        1.9158547193831221        1000.0008870864781     
   7.8750000000000001E-002  0.94564770531641140        5.6196244167960423E-002   924.74403444368750        2444.7371606910174        2.0793011381915947        1000.0009580619108     
   8.1250000000000003E-002  0.94145955652147717        6.0686737580403147E-002   919.01538957301079        2440.4006077770528        2.2434601873172499        1000.0010327649326     
   8.3750000000000005E-002  0.93727041531276756        6.5202328794595019E-002   913.29558811739400        2436.0514671014848        2.4082432446209898        1000.0011220453683     
   8.6250000000000007E-002  0.93308230815486504        6.9741074892390925E-002   907.58741964923308        2431.6917481908777        2.5735754835368008        1000.0012212046282     
   8.8749999999999996E-002  0.92889694818254731        7.4301329157353227E-002   901.89322842527815        2427.3231551408808        2.7393933409357554        1000.0013256466221     
   9.1249999999999998E-002  0.92471579180075281        7.8881690709870139E-002   896.21499297821106        2422.9471393393201        2.9056425968949138        1000.0014298353863     
   9.3750000000000000E-002  0.92054008040165602        8.3480962297267161E-002   890.55438838207283        2418.5649472033324        3.0722767709292347        1000.0015302867524     
   9.6250000000000002E-002  0.91637087668714134        8.8098116472205903E-002   884.91283712349093        2414.1776534917358        3.2392558342857076        1000.0016247062927     
   9.8750000000000004E-002  0.91220908883119411        9.2732267717309358E-002   879.29155036226791        2409.7862023302605        3.4065451590444744        1000.0017194148486     
  0.10125000000000001       0.90805549810868635        9.7382649997525259E-002   873.69156170626889        2405.3914202546234        3.5741146593115967        1000.0018235405121     
  0.10375000000000001       0.90391078549244497       0.10204859861478800        868.11375497980259        2400.9940165357684        3.7419380870083332        1000.0019381218223     
  0.10625000000000000       0.89977554605821308       0.10672953477815138        862.55888691118912        2396.5946026482256        3.9099924459778639        1000.0020583167374     
  0.10875000000000000       0.89565029872360480       0.11142495282923101        857.02760613697228        2392.1937148860616        4.0782575129038579        1000.0021789392440     
  0.11125000000000000       0.89153549611515881       0.11613440958632068        851.52046891455484        2387.7918283260506        4.2467154352250329        1000.0022963119505     
  0.11375000000000000       0.88743153399781871       0.12085751553209190        846.03795230365984        2383.3893655218576        4.4153503965019674        1000.0024080591934     
  0.11625000000000001       0.88333875722476152       0.12559392725259416        840.58046518026094        2378.9867089641898        4.5841483345890186        1000.0025159917477     
  0.11875000000000001       0.87925746579139985       0.13034334113989229        835.14835755704735        2374.5842089761195        4.7530967054607451        1000.0026270139859     
  0.12125000000000000       0.87518792407320301       0.13510548832885969        829.74192842711898        2370.1821791753759        4.9221842820076827        1000.0027472987701     
  0.12375000000000000       0.87113036888795470       0.13988013046090339        824.36143238987586        2365.7808917918287        5.0914009826664790        1000.0028768089594     
  0.12625000000000000       0.86708501261850157       0.14466705581598477        819.00708525784898        2361.3805836192973        5.2607377249705625        1000.0030104806433     
  0.12875000000000000       0.86305204374297817       0.14946607583171362        813.67906886515084        2356.9814670048718        5.4301863009895337        1000.0031427366295     
  0.13125000000000001       0.85903162803860078       0.15427702214817129        808.37753521203626        2352.5837373932868        5.5997392708751592        1000.0032702705799     
  0.13375000000000001       0.85502391060428196       0.15909974413924149        803.10261005133327        2348.1875772449057        5.7693898718607119        1000.0033929275950     
  0.13625000000000001       0.85102901797816388       0.16393410681173035        797.85439598475932        2343.7931584291505        5.9391319400109976        1000.0035138855122     
  0.13875000000000001       0.84704706086702308       0.16877998907502909        792.63297513815314        2339.4006418215640        6.1089598426775273        1000.0036383388061     
  0.14125000000000001       0.84307813766942086       0.17363728236946918        787.43841146798002        2335.0101736855336        6.2788684198284486        1000.0037703936622     
  0.14375000000000002       0.83912233746607123       0.17850588950293986        782.27075274918275        2330.6218825953165        6.4488529330528879        1000.0039103870934     
  0.14624999999999999       0.83517974119149674       0.18338572352145724        777.13003229391109        2326.2358806298098        6.6189090213416861        1000.0040548594668     
  0.14874999999999999       0.83125042125851711       0.18827670658269657        772.01627045101884        2321.8522683037645        6.7890326629053632        1000.0041988721730     
  0.15125000000000000       0.82733444083663155       0.19317876891399885        766.92947592401538        2317.4711400521046        6.9592201422215778        1000.0043387614032     
  0.15375000000000000       0.82343185364985805       0.19809184792849924        761.86964693030495        2313.0925879091305        7.1294680214790231        1000.0044738971540     
  0.15625000000000000       0.81954270459412371       0.20301588752863842        756.83677221473386        2308.7167025346025        7.2997731156076684        1000.0046069154772     
  0.15875000000000000       0.81566703119787298       0.20795083760428956        751.83083192957463        2304.3435714983184        7.4701324702377976        1000.0047423457163     
  0.16125000000000000       0.81180486558906073       0.21289665369112329        746.85179839451678        2299.9732757594011        7.6405433420964419        1000.0048841760475     
  0.16375000000000001       0.80795623619398815       0.21785329669196013        741.89963675484091        2295.6058865566852        7.8110031815721932        1000.0050336870113     
  0.16625000000000001       0.80412116843746217       0.22282073254966375        736.97430556023539        2291.2414648662220        7.9815096173011382        1000.0051888634684     
  0.16875000000000001       0.80029968435688015       0.22779893182899752        732.07575728919164        2286.8800638022462        8.1520604426519370        1000.0053456241390     
  0.17125000000000001       0.79649180168437739       0.23278786925090089        727.20393883922895        2282.5217324942264        8.3226536038485364        1000.0054999826931     
  0.17375000000000002       0.79269753309043089       0.23778752325528052        722.35879199462693        2278.1665195122428        8.4932871892975736        1000.0056499621687     
  0.17624999999999999       0.78891688603257737       0.24279787564829644        717.54025387545005        2273.8144745637383        8.6639594195618219        1000.0057964712819     
  0.17874999999999999       0.78514986335221859       0.24781891135736614        712.74825736878461        2269.4656480155481        8.8346686374316103        1000.0059428531471     
  0.18124999999999999       0.78139646449604061       0.25285061828251404        707.98273154431297        2265.1200885613316        9.0054132976751085        1000.0060932854130     
  0.18375000000000000       0.77765668695691670       0.25789298718775044        703.24360205887535        2260.7778401892538        9.1761919562428460        1000.0062507290519     
  0.18625000000000000       0.77393052735752377       0.26294601153940717        698.53079155613818        2256.4389401370845        9.3470032588904139        1000.0064154631577     
  0.18875000000000000       0.77021798175145106       0.26800968720984653        693.84422006620116        2252.1034191139684        9.5178459293171844        1000.0065850061419     
  0.19125000000000000       0.76651904516205549       0.27308401203308352        689.18380540512317        2247.7713037756871        9.6887187570078854        1000.0067554337537     
  0.19375000000000001       0.76283371080071460       0.27816898527966871        684.54946356639550        2243.4426201742344        9.8596205850558558        1000.0069233190625     
  0.19625000000000001       0.75916196951136405       0.28326460715842078        679.94110908776395        2239.1173965333428        10.030550298402840        1000.0070872819258     
  0.19875000000000001       0.75550380977202225       0.28837087843820952        675.35865537055804        2234.7956642811359        10.201506813157661        1000.0072484869030     
  0.20125000000000001       0.75185921825784985       0.29348780023957788        670.80201492655965        2230.4774572056535        10.372489067900796        1000.0074100067686     
  0.20375000000000001       0.74822818072373765       0.29861537400320975        666.27109952938076        2226.1628093348404        10.543496018046024        1000.0075754297357     
  0.20625000000000002       0.74461068285335252       0.30375360161168719        661.76582025242965        2221.8517525042057        10.714526634320746        1000.0077473197628     
  0.20874999999999999       0.74100671073182323       0.30890248562354333        657.28608738349442        2217.5443145931649        10.885579906189486        1000.0079261556934     
  0.21124999999999999       0.73741625072294381       0.31406202957728085        652.83181021693440        2213.2405190993386        11.056654850569783        1000.0081101811071     
  0.21375000000000000       0.73383928875017757       0.31923223833964431        648.40289673849441        2208.9403861259862        11.227750525512358        1000.0082962183081     
  0.21625000000000000       0.73027580921750879       0.32441311849671239        643.99925323395621        2204.6439342007034        11.398866047711627        1000.0084810730755     
  0.21875000000000000       0.72672579394730241       0.32960467879747701        639.62078386927033        2200.3511819605642        11.570000611898033        1000.0086628962724     
  0.22125000000000000       0.72318922148671649       0.33480693064209904        635.26739030362546        2196.0621488441739        11.741153509493241        1000.0088419157927     
  0.22375000000000000       0.71966606696677971       0.34001988856525639        630.93897140429101        2191.7768544498281        11.912324143552460        1000.0090202682925     
  0.22625000000000001       0.71615630248491502       0.34524357062126104        626.63542312885613        2187.4953168552738        12.083512037132358        1000.0092010635291     
  0.22875000000000001       0.71265989781950401       0.35047799855787515        622.35663862313004        2183.2175506413687        12.254716832911166        1000.0093871122051     
  0.23125000000000001       0.70917682122245718       0.35572319768578842        618.10250855075219        2178.9435654611721        12.425938283162234        1000.0095798383417     
  0.23375000000000001       0.70570704006876961       0.36097919641040754        613.87292162703250        2174.6733657609966        12.597176230911263        1000.0097787819374     
  0.23625000000000002       0.70225052123746945       0.36624602547734025        609.66776528374112        2170.4069518147753        12.768430584982886        1000.0099818475293     
  0.23875000000000002       0.69880723121453980       0.37152371706710541        605.48692635662519        2166.1443217476367        12.939701293173105        1000.0101861677948     
  0.24124999999999999       0.69537713600698714       0.37681230392656656        601.33029167813970        2161.8854738707487        13.110988318370676        1000.0103892290286     
  0.24374999999999999       0.69196020101203093       0.38211181871531125        597.19774848577470        2157.6304085565162        13.282291621547914        1000.0105898237885     
  0.24625000000000000       0.68855639099060784       0.38742229365986330        593.08918462464601        2153.3791290913168        13.453611152897976        1000.0107884807998     
  0.24875000000000000       0.68516567026525776       0.39274376045782416        589.00448862133169        2149.1316413784357        13.624946848310033        1000.0109872342522     
  0.25125000000000003       0.68178800322382294       0.39807625019795090        584.94354980864728        2144.8879528634698        13.796298623841409        1000.0111888463983     
  0.25375000000000003       0.67842335517890096       0.40341979292360725        580.90625875040439        2140.6480714288605        13.967666357465852        1000.0113957914598     
  0.25624999999999998       0.67507169360642805       0.40877441643303120        576.89250821226972        2136.4120051099439        14.139049846927813        1000.0116093782474     
  0.25874999999999998       0.67173298974860829       0.41414014402452926        572.90219482645250        2132.1797632749049        14.310448736220035        1000.0118293187194     
  0.26124999999999998       0.66840722050382517       0.41951699115101571        568.93522141504286        2127.9513594504438        14.481862410808173        1000.0120538757276     
  0.26374999999999998       0.66509437044968467       0.42490496127108207        564.99149972495832        2123.7268154252888        14.653289871046484        1000.0122805134993     
  0.26624999999999999       0.66179443379623604       0.43030404143747270        561.07095317916787        2119.5061658372892        14.824729600268279        1000.0125068038133     
  0.26874999999999999       0.65850741610289576       0.43571419819612617        557.17351926183221        2115.2894623390644        14.996179444309696        1000.0127312652502     
  0.27124999999999999       0.65523333575444431       0.44113537408395898        553.29915138140109        2111.0767767345251        15.167636509995011        1000.0129538522274     
  0.27374999999999999       0.65197222545781308       0.44656748445060979        549.44782045171087        2106.8682031120661        15.339097072766515        1000.0131759433809     
  0.27625000000000000       0.64872413428679199       0.45201041370109846        545.61951683843301        2102.6638597247807        15.510556464835339        1000.0133998536002     
  0.27875000000000000       0.64548913090011106       0.45746400970006673        541.81425350697089        2098.4638918374612        15.682008905301565        1000.0136280493750     
  0.28125000000000000       0.64226730834694812       0.46292807529995755        538.03207098925964        2094.2684766800353        15.853447241796495        1000.0138623339765     
  0.28375000000000000       0.63905879035525703       0.46840235680508718        534.27304416207846        2090.0778309655698        16.024862600385092        1000.0141032654125     
  0.28625000000000000       0.63586373841078558       0.47388653027789313        530.53729009169683        2085.8922204687633        16.196243974371047        1000.0143499838970     
  0.28875000000000001       0.63268235871822054       0.47938018715086012        526.82497588340198        2081.7119705641881        16.367577798890331        1000.0146004888818     
  0.29125000000000001       0.62951490871158822       0.48488281981598258        523.13632608566570        2077.5374770565613        16.538847532071586        1000.0148522627384     
  0.29375000000000001       0.62636170419765014       0.49039380551256134        519.47163079836389        2073.3692182849481        16.710033189627936        1000.0151030326933     
  0.29625000000000001       0.62322312989076967       0.49591238382916869        515.83125754224932        2069.2077716718309        16.881110687223821        1000.0153514257192     
  0.29875000000000002       0.62009965698460290       0.50143762128898517        512.21567094985721        2065.0538392515818        17.052050790324866        1000.0155973125483     
  0.30125000000000002       0.61699187078464224       0.50696835717785338        508.62546361319806        2060.9082862241276        17.222817496226277        1000.0158417420963     
  0.30375000000000002       0.61390051000452406       0.51250312692545741        505.06139980168342        2056.7721950498199        17.393365742689006        1000.0160865000664     
  0.30625000000000002       0.61082651971848789       0.51804005838444700        501.52447423965145        2052.6469384089182        17.563638310307088        1000.0163334384455     
  0.30875000000000002       0.60777112542990264       0.52357672618319184        498.01599439369500        2048.5342818870631        17.733561476434605        1000.0165837748038     
  0.31125000000000003       0.60473594716533985       0.52910992776626264        494.53770767863591        2044.4365429107909        17.903038325704017        1000.0168375343032     
  0.31375000000000003       0.60172318566324023       0.53463531895759209        491.09200964442340        2040.3568507299781        18.071937851782479        1000.0170932204356     
  0.31625000000000003       0.59873591890563549       0.54014683272570529        487.68227564021379        2036.2995614644078        18.240077582103524        1000.0173476991620     
  0.31875000000000003       0.59577853934704461       0.54563581626488677        484.31334879364994        2032.2708725143195        18.407197838960858        1000.0175962138477     
  0.32124999999999998       0.59285734244477606       0.55108985605044847        480.99219426444199        2028.2796544315631        18.572926824532797        1000.0178324329826     
  0.32374999999999998       0.58998125780889688       0.55649129656817808        477.72870788609339        2024.3384919561140        18.736736813420031        1000.0180484448000     
  0.32624999999999998       0.58716270491069422       0.56181547841199730        474.53665720599037        2020.4649121837795        18.897892319782589        1000.0182346238822     
  0.32874999999999999       0.58441854134721671       0.56702875228206384        471.43471810294307        2016.6827570878384        19.055391994400967        1000.0183793418328     
  0.33124999999999999       0.58177100787888281       0.57208645470148312        468.44749980516701        2013.0235670951988        19.207909828721988        1000.0184687059286     
  0.33374999999999999       0.57924841436447860       0.57693135387935979        465.60627404398468        2009.5276158624615        19.353750796423938        1000.0184869900340     
  0.33624999999999999       0.57688506358368541       0.58149358056168565        462.94885211279359        2006.2438834734899        19.490850979102881        1000.0184190024100     
  0.33875000000000000       0.57471792432421021       0.58569956002125545        460.52541079078003        2003.2671302721901        19.617259808660851        1000.0390517459648     
  0.34125000000000000       0.57282833830335089       0.58946403467238850        458.35312709531121        2000.3947799304872        19.729186679115077        999.92149875938446     
  0.34375000000000000       0.57108772679878017       0.59266156070772980        456.50659337040190        1998.4083528170872        19.826355631627873        1000.1452964136895     
  0.34625000000000000       0.56982996643892059       0.59537643461159129        454.99352689216073        1996.1811140592720        19.906074526405856        999.91209112880767     
  0.34875000000000000       0.56871769981243780       0.59737580228861498        453.79871301629254        1994.8329072840299        19.966176329158891        1000.0180001219092     
  0.35125000000000001       0.56793332819019671       0.59884383951714870        452.99646932642025        1994.0565504843694        20.011347562179413        1000.1808147704745     
  0.35375000000000001       0.56761366002623259       0.59986213000599009        452.47906150037676        1992.9006882932717        20.039564876590077        999.82620003894067     
  0.35625000000000001       0.56725793181323481       0.60029540760344735        452.18042285415015        1992.8342888426419        20.053705277173204        1000.0436292582746     
  0.35875000000000001       0.56712961320437016       0.60047836571646285        452.06159510782800        1992.7613749245525        20.059450269953828        1000.0975380108965     
  0.36125000000000002       0.56715475001161608       0.60052409747932634        452.05536515009811        1992.6455924985180        20.060395180395798        1000.0217015497138     
  0.36375000000000002       0.56725913087353075       0.60034167711296360        452.15571760292471        1992.7211965131505        20.054681903961374        999.98603179142367     
  0.36625000000000002       0.56762071732087038       0.59961031260448672        452.56467143894446        1993.2529664131084        20.032922765282603        999.99796255731439     
  0.36875000000000002       0.56835231461157754       0.59814154646551276        453.39401470745440        1994.3352171324943        19.989275880253665        1000.0255509062000     
  0.37125000000000002       0.56905860519141283       0.59674379150440904        454.19251659733726        1995.3679307097104        19.947727041329308        1000.0464702990885     
  0.37375000000000003       0.56966431793804362       0.59559689770875890        454.84810735521427        1996.1233880752006        19.913157652753046        999.99946478988909     
  0.37625000000000003       0.57014102402653677       0.59462536370495866        455.39725593883696        1996.8623408409608        19.884354944418412        1000.0350030897888     
  0.37875000000000003       0.57056516945354496       0.59381009625620507        455.86127080319687        1997.4110549010340        19.859820346622598        1000.0122912717283     
  0.38125000000000003       0.57093054351151007       0.59310383098524622        456.26147295528352        1997.8851987364610        19.838553703808312        999.99357535612717     
  0.38375000000000004       0.57124219644158636       0.59248152610552129        456.62049909334667        1998.3664631996398        19.820125186417609        1000.0161456241659     
  0.38624999999999998       0.57152190382603363       0.59192059562693955        456.94006466482989        1998.7863177502932        19.803440542503889        1000.0304116515745     
  0.38874999999999998       0.57178116423611802       0.59141185978877209        457.23062983245228        1999.1504548916821        19.788222405868069        1000.0311627003720     
  0.39124999999999999       0.57202556026334439       0.59094735055890013        457.49764508184813        1999.4632970213308        19.774227284166532        1000.0167024534925     
  0.39374999999999999       0.57225015270467205       0.59051787615209061        457.74333519593296        1999.7519137061990        19.761282337351556        1000.0040191729457     
  0.39624999999999999       0.57245091423171390       0.59012042078650717        457.97020289723309        2000.0413638603179        19.749410901342209        1000.0084450628681     
  0.39874999999999999       0.57263083888117738       0.58975646897413592        458.17782453790704        2000.3193743158688        19.738602331150471        1000.0217353850902     
  0.40125000000000000       0.57279263054124063       0.58942684149619973        458.36354618564098        2000.5649590521366        19.728780971988208        1000.0315004556271     
  0.40375000000000000       0.57294554223237359       0.58914265764521923        458.53279983199542        2000.7695585055494        19.720277345371212        1000.0269969016366     
  0.40625000000000000       0.57308151770357529       0.58889250416819439        458.67851010017512        2000.9304781725020        19.712696685604261        1000.0125027132033     
  0.40875000000000000       0.57319271255382365       0.58867283676156779        458.80564521978960        2001.0968177509199        19.706162544725913        1000.0180260935385     
  0.41125000000000000       0.57328554355162908       0.58848100776288281        458.91599801823025        2001.2540137291164        19.700514698900250        1000.0318018042678     
  0.41375000000000001       0.57336639999516170       0.58830978578698501        459.00946203879357        2001.3793188904467        19.695399287665452        1000.0380011855242     
  0.41625000000000001       0.57344120131349763       0.58815628705871648        459.09241553111690        2001.4799009887211        19.690755241042417        1000.0360756878016     
  0.41875000000000001       0.57351588852263902       0.58801835480691966        459.17152098336533        2001.5640811895314        19.686551422525106        1000.0260393094087     
  0.42125000000000001       0.57358812477481347       0.58788711143492534        459.24854141115685        2001.6477049252658        19.682568610132098        1000.0174392738483     
  0.42375000000000002       0.57365737238665926       0.58775788602517554        459.32564146906100        2001.7420832494081        19.678706031857882        1000.0163005483205     
  0.42625000000000002       0.57372456844374320       0.58762824233678534        459.40321406028636        2001.8456561239866        19.674874417712214        1000.0211889251472     
  0.42875000000000002       0.57379145684288912       0.58749794299088520        459.48069789981992        2001.9498914639262        19.671023867299859        1000.0266255342511     
  0.43125000000000002       0.57385894572108942       0.58736773115867724        459.55715443417625        2002.0475321540655        19.667143615378006        1000.0283522829457     
  0.43375000000000002       0.57392656259091190       0.58723850032358105        459.63178170795635        2002.1367351992408        19.663254553589287        1000.0257785530215     
  0.43625000000000003       0.57399282448188127       0.58711102477967680        459.70413645744947        2002.2207458447099        19.659398573666117        1000.0215592898280     
  0.43875000000000003       0.57405619673028363       0.58698637529714537        459.77415456885723        2002.3046401538936        19.655636467563255        1000.0192990351856     
  0.44125000000000003       0.57411586273029902       0.58686619606170098        459.84177258629569        2002.3909912515103        19.652035926152109        1000.0208511271867     
  0.44375000000000003       0.57417193048898418       0.58675266373937796        459.90659926767131        2002.4777198530039        19.648659640112189        1000.0251009912603     
  0.44625000000000004       0.57422481565154959       0.58664784388610713        459.96774961424416        2002.5595249324845        19.645550791648596        1000.0291111557905     
  0.44874999999999998       0.57427470493671728       0.58655360911984311        460.02467715398024        2002.6333791102343        19.642757277178536        1000.0312394998471     
  0.45124999999999998       0.57432145652704669       0.58646856855301843        460.07473644278258        2002.6882646213489        19.640178532837524        1000.0260830504126     
  0.45374999999999999       0.57436167044433262       0.58639042274892483        460.11809057443418        2002.7367521690721        19.637799240307626        1000.0222869263125     
  0.45624999999999999       0.57439475945055496       0.58631799055799372        460.15667874886657        2002.7893325012042        19.635631291837456        1000.0254975413694     
  0.45874999999999999       0.57442433048204555       0.58625046394698732        460.19204473599189        2002.8401493274489        19.633618921280178        1000.0302780808834     
  0.46124999999999999       0.57445348066937996       0.58618723306802134        460.22666100425562        2002.8891654898591        19.631741531949469        1000.0344530452819     
  0.46375000000000000       0.57448423021359452       0.58612729271244990        460.26243077182511        2002.9376202402398        19.629971539605958        1000.0372345145284     
  0.46625000000000000       0.57451644866784424       0.58606811723445584        460.29915320897544        2002.9850941443487        19.628222306734436        1000.0385040889504     
  0.46875000000000000       0.57454945278461300       0.58600846133201057        460.33632054260471        2003.0317595445331        19.626452972859454        1000.0388237070288     
  0.47125000000000000       0.57458189454779662       0.58594780440209526        460.37288490105612        2003.0777564935961        19.624646788724327        1000.0392018796413     
  0.47375000000000000       0.57461278164017260       0.58588687575035603        460.40778989188499        2003.1219483914838        19.622822613454773        1000.0397619263765     
  0.47625000000000001       0.57464187798124278       0.58582701967668349        460.44041585634699        2003.1624630017679        19.621016304962115        1000.0397333939735     
  0.47875000000000001       0.57466928606724987       0.58576989087038500        460.47050826421071        2003.1978366872597        19.619276123759317        1000.0383141805216     
  0.48125000000000001       0.57469574716884464       0.58571790196962381        460.49867472142432        2003.2281297973948        19.617683183251764        1000.0350184287656     
  0.48375000000000001       0.57472126490955955       0.58567243584859341        460.52523060750093        2003.2547024337578        19.616290471182815        1000.0305226258151     
  0.48625000000000002       0.57474331271302104       0.58563234063207448        460.54961437749392        2003.2839190573332        19.615090574545683        1000.0297623274134     
  0.48875000000000002       0.57476161981790574       0.58559731716934316        460.57157839912787        2003.3156465155280        19.614072822704998        1000.0328591609846     
  0.49125000000000002       0.57477687953757139       0.58556687535156415        460.59100579657769        2003.3469603332851        19.613206485668552        1000.0378704925866     
  0.49375000000000002       0.57479079321315196       0.58553982939456883        460.60759822591734        2003.3706335615768        19.612416475137980        1000.0400046260085     
  0.49625000000000002       0.57480398630231233       0.58551451462362958        460.62235348080986        2003.3888267023528        19.611657615995242        1000.0399048101277     
  0.49875000000000003       0.57481692714601584       0.58548884816566849        460.63658270958950        2003.4056103595658        19.610880070473399        1000.0392770890523     
  0.50124999999999997       0.57483046345625000       0.58546066463909185        460.65159313523571        2003.4237154269040        19.610024675286606        1000.0388947266403     
  0.50375000000000003       0.57484582802729045       0.58542768709287696        460.66889798731688        2003.4454262641311        19.609026340611706        1000.0390401343022     
  0.50624999999999998       0.57486424893971577       0.58538800020229631        460.68986482031875        2003.4724096602761        19.607829062319695        1000.0396907857062     
  0.50875000000000004       0.57488258649045598       0.58534819248782410        460.71097315818275        2003.5002972116961        19.606632142275515        1000.0408509780437     
  0.51124999999999998       0.57489895648454103       0.58531209399429662        460.73012445852061        2003.5265295828976        19.605551348042464        1000.0425542481428     
  0.51375000000000004       0.57491258058050465       0.58528200366002014        460.74647019240581        2003.5501298613863        19.604658909657889        1000.0448544629572     
  0.51624999999999999       0.57492319500989797       0.58525871195348322        460.76031534352370        2003.5733439820222        19.603992298328091        1000.0490560811633     
  0.51875000000000004       0.57493204502391515       0.58524177713309000        460.77246156983421        2003.5953186026873        19.603532546857927        1000.0538666766282     
  0.52124999999999999       0.57493991285578261       0.58522863873388609        460.78320248912479        2003.6146047000364        19.603186803843709        1000.0580187236194     
  0.52375000000000005       0.57494759600584566       0.58521650269643133        460.79269185881373        2003.6290918508719        19.602851156393999        1000.0599039934203     
  0.52625000000000000       0.57495546859885494       0.58520372758328942        460.80172978816739        2003.6409554948843        19.602481265268938        1000.0603480324152     
  0.52875000000000005       0.57496316401365766       0.58518991211745708        460.81005899949986        2003.6503546710426        19.602064467639575        1000.0596853189365     
  0.53125000000000000       0.57496946237304958       0.58517587786003256        460.81672822399111        2003.6574043518758        19.601628846403866        1000.0588219561614     
  0.53375000000000006       0.57497372076412978       0.58516255857346544        460.82100339316452        2003.6611533338505        19.601201028010802        1000.0577304547871     
  0.53625000000000000       0.57497562137715819       0.58515129556549561        460.82256786965291        2003.6613324835823        19.600824627091384        1000.0564975717348     
  0.53875000000000006       0.57497818792597399       0.58514500450286411        460.82400784643778        2003.6586496815380        19.600600773116920        1000.0533729523651     
  0.54125000000000001       0.57497998579866294       0.58514306508576641        460.82536510692341        2003.6582858915710        19.600534029102565        1000.0519405745473     
  0.54375000000000007       0.57497929114221003       0.58514367347822982        460.82661936989967        2003.6661601083786        19.600592922689291        1000.0563539821890     
  0.54625000000000001       0.57497829040419834       0.58514719954198247        460.82776474903778        2003.6746275458727        19.600752451445711        1000.0612764262114     
  0.54874999999999996       0.57497856740961850       0.58515196980312245        460.82932758571121        2003.6804574378746        19.600940756896346        1000.0639934856514     
  0.55125000000000002       0.57497725033701375       0.58515394553121269        460.82918536845142        2003.6844288115044        19.601026363189948        1000.0668919723914     
  0.55374999999999996       0.57497543741865331       0.58515492934870539        460.82906699637340        2003.6902318178197        19.601087702291906        1000.0710496352168     
  0.55625000000000002       0.57497436411280001       0.58515593428589507        460.82840464452551        2003.6910921915428        19.601125573242935        1000.0722257940981     
  0.55874999999999997       0.57497357729504728       0.58515652443157185        460.82710294979586        2003.6881743233694        19.601131069456248        1000.0713168575492     
  0.56125000000000003       0.57497216480445712       0.58515667546759176        460.82483765631122        2003.6832470535060        19.601112028153626        1000.0698402986948     
  0.56374999999999997       0.57496931124584305       0.58515685089350655        460.82142782696911        2003.6783651481401        19.601094025691538        1000.0693889839604     
  0.56625000000000003       0.57496585727805338       0.58515904018003617        460.81799985356145        2003.6754966421861        19.601153329861518        1000.0703603265016     
  0.56874999999999998       0.57496089354888980       0.58516554061184889        460.81330586551576        2003.6723846607674        19.601355853917617        1000.0722605732957     
  0.57125000000000004       0.57495507027149351       0.58517333462210608        460.80802609189317        2003.6697209848933        19.601603901586010        1000.0749826475186     
  0.57374999999999998       0.57494967339478487       0.58517998001006910        460.80459962565277        2003.6736298363146        19.601845622810067        1000.0806885959065     
  0.57625000000000004       0.57494633533743522       0.58518430466686944        460.80283822524655        2003.6776039054239        19.602009925570119        1000.0849946789190     
  0.57874999999999999       0.57494336566176341       0.58518514159864443        460.80336673550983        2003.6902513220689        19.602099825334459        1000.0933735673098     
  0.58125000000000004       0.57494347019479819       0.58518377320162829        460.80471958037731        2003.6957695347460        19.602080980034501        1000.0960551165018     
  0.58374999999999999       0.57494613734255806       0.58517695774736067        460.80892482557715        2003.7047598731112        19.601896656175942        1000.0986866553339     
  0.58625000000000005       0.57495127818842717       0.58516384313819603        460.81614157795542        2003.7182238724129        19.601523207490420        1000.1018299407057     
  0.58875000000000000       0.57495547568210725       0.58515155633421401        460.82249359672494        2003.7312152302802        19.601175173356374        1000.1053936816569     
  0.59125000000000005       0.57495772825036628       0.58514227766872073        460.82653199350693        2003.7409245538454        19.600911849422932        1000.1086725202927     
  0.59375000000000000       0.57495856720840210       0.58513529121591767        460.82785441859323        2003.7437508586579        19.600691642937122        1000.1094994581238     
  0.59625000000000006       0.57495813719141720       0.58513105149210909        460.82855287140205        2003.7482864512508        19.600571805392850        1000.1120624625773     
  0.59875000000000000       0.57495645997671518       0.58512944304555137        460.82816217743294        2003.7524328194168        19.600538205780602        1000.1152989789387     
  0.60125000000000006       0.57495357817268944       0.58512899065261248        460.82737326862588        2003.7590457877575        19.600555395319891        1000.1206047814296     
  0.60375000000000001       0.57495082519724561       0.58513015643030930        460.82728028170158        2003.7682358469867        19.600639394474150        1000.1271072581006     
  0.60625000000000007       0.57494810961420517       0.58513217705189979        460.82690543564826        2003.7760700912077        19.600745398031869        1000.1329070273201     
  0.60875000000000001       0.57494382304439073       0.58513705954090367        460.82484599294349        2003.7820545354562        19.600938221398454        1000.1388766591807     
  0.61124999999999996       0.57493825166130119       0.58514382969115919        460.82150170292789        2003.7869300371410        19.601188854358199        1000.1451868442622     
  0.61375000000000002       0.57493265766387291       0.58514936454704514        460.81822059498165        2003.7921591870734        19.601399837533929        1000.1516893529996     
  0.61624999999999996       0.57492810883656464       0.58515319904068663        460.81549459816233        2003.7961595349607        19.601547851961559        1000.1568513206289     
  0.61875000000000002       0.57492508456718339       0.58515580858039085        460.81292005297729        2003.7955049390816        19.601632064995478        1000.1586290312446     
  0.62124999999999997       0.57492232329637960       0.58515787389292884        460.81017601505016        2003.7931966745746        19.601689959071734        1000.1593983456992     
  0.62375000000000003       0.57491851109178960       0.58516105609989233        460.80625087130647        2003.7894152869596        19.601778061601401        1000.1601636869839     
  0.62624999999999997       0.57491409125000181       0.58516558332771462        460.80187150781029        2003.7857765232195        19.601911917105181        1000.1614230667824     
  0.62875000000000003       0.57491062963333639       0.58516828388690512        460.79862063891738        2003.7837051856361        19.601992249183379        1000.1627980252631     
  0.63124999999999998       0.57490841523361857       0.58516861346217452        460.79881132592016        2003.7922524523797        19.602045096060703        1000.1686052362343     
  0.63375000000000004       0.57491033317366302       0.58516230208943065        460.80280782520742        2003.8029464588390        19.601885983259919        1000.1726083591801     
  0.63624999999999998       0.57491628185561616       0.58514634935458698        460.81259697606038        2003.8247807521150        19.601458387359941        1000.1793670788865     
  0.63875000000000004       0.57492115565749902       0.58513203670892411        460.82107392272826        2003.8446549932487        19.601076139342979        1000.1858954247349     
  0.64124999999999999       0.57491973401120167       0.58512260548692230        460.82752808524674        2003.8776755411745        19.600921702905374        1000.2033663935833     
  0.64375000000000004       0.57491573268844876       0.58511780608114583        460.82935219394022        2003.8995542833202        19.600867930681193        1000.2170713440379     
  0.64624999999999999       0.57490806863344746       0.58511834414926300        460.82731980972272        2003.9174302471793        19.600973380957662        1000.2313274220294     
  0.64875000000000005       0.57489927628514792       0.58511712357260914        460.82523614514395        2003.9390165999116        19.601038063756420        1000.2482209316428     
  0.65125000000000000       0.57489107267714556       0.58511132354937923        460.82509664003396        2003.9670058454271        19.600980649936020        1000.2679009241606     
  0.65375000000000005       0.57488462517987304       0.58509707211881756        460.82984938048531        2004.0101491507903        19.600714221060400        1000.2939230407176     
  0.65625000000000000       0.57488292601638413       0.58507681744662943        460.83763330195143        2004.0499223698359        19.600230189024888        1000.3149583267431     
  0.65875000000000006       0.57488216514378654       0.58505628245913144        460.84611037932285        2004.0894391986335        19.599735497129934        1000.3352126106194     
  0.66125000000000000       0.57488027121677709       0.58503879752727250        460.85378000255133        2004.1293947482313        19.599345114692177        1000.3564745585164     
  0.66375000000000006       0.57487791814102696       0.58502341079066800        460.86104357375382        2004.1691854508540        19.599024204796820        1000.3779738781926     
  0.66625000000000001       0.57487468118009832       0.58501216351923624        460.86785444496331        2004.2100893141503        19.598847404141573        1000.4006441620670     
  0.66875000000000007       0.57486713965672354       0.58500586243628760        460.86843762127972        2004.2389181284698        19.598777261878041        1000.4202836997613     
  0.67125000000000001       0.57485617265083155       0.58500968151708210        460.86502229513417        2004.2623016899581        19.599019538539359        1000.4395900390516     
  0.67374999999999996       0.57484571246763316       0.58501413993045304        460.86185802319090        2004.2850108634148        19.599279937783766        1000.4582073042287     
  0.67625000000000002       0.57484266166036968       0.58502181737679249        460.85700511169244        2004.2745426224885        19.599485965803627        1000.4551058205760     
  0.67874999999999996       0.57484680956900158       0.58502854665312498        460.85347701149726        2004.2447367718187        19.599565675413135        1000.4373403634831     
  0.68125000000000002       0.57486341003122843       0.58504007551898274        460.85013554769688        2004.1723281825421        19.599597861290313        1000.3896413190784     
  0.68374999999999997       0.57491331561837955       0.58505552688569806        460.85353004611773        2004.0131160922126        19.599336966842031        1000.2754362071581     
  0.68625000000000003       0.57501154326805171       0.58511490508397923        460.85068811572847        2003.6584200401649        19.599591409792012        1000.0300534452116     
  0.68874999999999997       0.57520737284615397       0.58525952353331279        460.82893064224896        2002.8817101302318        19.600635535782789        999.50625055954765     
  0.69125000000000003       0.57562844445385430       0.58545041568042011        460.83964909827029        2001.4631553497438        19.600083973249365        998.50603122828443     
  0.69374999999999998       0.57636623256129116       0.58587229471668034        460.81840419863437        1998.8089957613486        19.601198300233975        996.67112219160538     
  0.69625000000000004       0.57771897579223419       0.58655407692465567        460.82133017359007        1994.1413969554114        19.601082016067014        993.41173859015237     
  0.69874999999999998       0.58004820249289213       0.58777892483783545        460.80203571778560        1986.0506150065708        19.602126152430049        987.79010097362448     
  0.70125000000000004       0.58402727802931553       0.58978663955183885        460.80468033581229        1972.5306405665956        19.602019766657421        978.38660143452626     
  0.70374999999999999       0.59059509460244808       0.59311080142203332        460.79696796329847        1950.5621202013135        19.602422239909078        963.17198723357137     
  0.70625000000000004       0.60121393440347082       0.59840716717863141        460.80216934382128        1916.1322741173360        19.602142541200056        939.45041403305072     
  0.70874999999999999       0.61794714553557550       0.60668916038101883        460.79674769553174        1864.2239511283719        19.602401973569549        904.01896729377791     
  0.71125000000000005       0.64374842382695663       0.61920710102332843        460.80454362025631        1789.5365897786003        19.601993144748214        853.71733985410117     
  0.71375000000000000       0.68258266830149605       0.63761352231935120        460.80293220108683        1687.7184024746978        19.602051474537753        786.49845618463894     
  0.71625000000000005       0.73970208621135614       0.66375599060838597        460.80225480267165        1557.3913586036788        19.602043452196011        702.80527829650930     
  0.71875000000000000       0.82173556721235008       0.69960159626796503        460.79822647376727        1401.9054451938111        19.602170687760296        606.57691774349996     
  0.72125000000000006       0.93673740487066459       0.74695692149248449        460.79597450692353        1229.7896190302815        19.602207438846357        504.94452674311123     
  0.72375000000000000        1.0939988346331824       0.80722834190508053        460.79426143088619        1053.0044613470511        19.602231810844639        406.33427632386179     
  0.72625000000000006        1.3036144988261085       0.88118709955449548        460.78952660334562        883.67674457878843        19.602382396332768        317.90235450115819     
  0.72875000000000001        1.5757605228465794       0.96880447964785943        460.79100963878392        731.06129224251413        19.602300684489190        243.79101454551727     
  0.73125000000000007        1.9194749868584990        1.0692885641656005        460.77928185875533        600.13712735700710        19.602622802812700        184.94283199939022     
  0.73375000000000001        2.3413984986664835        1.1810249475400034        460.76176597767790        491.97281692981733        19.603049597815033        140.02673560841103     
  0.73624999999999996        2.8441086394686299        1.3017208319126643        460.74545090695261        404.99986930266721        19.603756980664436        106.64399399394004     
  0.73875000000000002        3.4248435124468264        1.4284819410564942        460.80886803225593        336.37220675743976        19.605540514844670        82.228771645264700     
  0.74124999999999996        4.0748433580411714        1.5579912033690966        461.29713493773045        283.01525629655242        19.613899172807344        64.539481383395781     
  0.74375000000000002        4.7437900006475466        1.6803312835288491        462.59892926131761        243.79184639189921        19.633535621717456        52.315332001302927     
  0.74624999999999997        5.2049171246345489        1.7602810723950200        461.20116571880715        221.52185840576155        19.605789062918653        45.804806197188334     
  0.74875000000000003        5.4869404504562098        1.8081920919103012        458.73463816751712        209.01203608350434        19.562494239559715        42.315471906125211     
  0.75124999999999997        5.6720492771683775        1.8388168581744704        457.98071959891769        201.85857757020082        19.550420123569779        40.328419482803781     
  0.75375000000000003        5.7994227042482676        1.8588016280314699        459.20579947912654        197.95323728633514        19.570790228761986        39.198431924321802     
  0.75624999999999998        5.8837727978090397        1.8713250462627675        461.14319013283398        195.93856101333125        19.602127105535750        38.576031523798186     
  0.75875000000000004        5.9345257282719057        1.8786286351860093        462.47512014646810        194.82395953869167        19.622581163960497        38.225040135623175     
  0.76124999999999998        5.9618250982360994        1.8826275010348272        462.87277160723886        194.09860402655357        19.627709335733773        38.012874415265898     
  0.76375000000000004        5.9756209175489134        1.8847122954976083        462.67772436527343        193.56889047567597        19.622613856784579        37.874101307575721     
  0.76624999999999999        5.9827628293898361        1.8857639174946079        462.39334971818641        193.21898715703585        19.615809525127869        37.787579846260314     
  0.76875000000000004        5.9866776876943417        1.8863909545543678        462.00611113562513        192.93092731770162        19.607699598023494        37.721373018235440     
  0.77124999999999999        5.9890251920510238        1.8874832869304903        461.13935022768743        192.49349244670819        19.596799727805859        37.629945336486465     
  0.77375000000000005        5.9861419209700832        1.8879614691703011        459.48934250856564        191.89711360623042        19.571376036308628        37.520587514053602     
  0.77625000000000000        5.9569524904802158        1.8852136934820385        455.12862244858468        191.00732428868798        19.497530553666927        37.419704846077813     
  0.77875000000000005        5.8409840378942457        1.8732605117589038        441.93394922555620        189.15218153244581        19.279593333676022        37.348824538989973     
  0.78125000000000000        5.4700847493904696        1.8319497954294477        401.82983796298271        183.64881732762854        18.578115095842811        37.226354197999235     
  0.78375000000000006        4.3601924916112189        1.6859084012079280        285.46649578290152        163.67769102632747        16.140713667066414        36.328479077413412     
  0.78625000000000000        2.0897117917704606        1.1488876420995118        70.235054394200716        84.024809869469706        7.8808913607223214        25.028393385580280     
  0.78875000000000006        1.1156910941889868       0.41680203661010790        2.0890556296943736        4.6810798270576433       0.67483386651490695        1.7922081669329701     
  0.79125000000000001        1.0060631980193082        4.1901687140051484E-002   1.2497255026040051E-002   3.1054845885040039E-002   5.5257370241810983E-003   1.2391938932941368E-002
  0.79375000000000007        1.0000244138478616        2.5196446495075942E-005   1.0000351794393980E-002   2.5000269133217842E-002   2.9812998015160122E-006   1.0000009998513281E-002
  0.79625000000000001        1.0000000053164400        5.3164392454904856E-009   1.0000000074430271E-002   2.5000000053164686E-002   6.2904957543533707E-010   1.0000000000000111E-002
  0.79875000000000007        1.0000000000025349        2.5349645876586811E-012   1.0000000000035487E-002   2.5000000000025353E-002   2.9994105495857163E-013   1.0000000000000000E-002
  0.80125000000000002        1.0000000000000013        1.3539958196581868E-015   1.0000000000000018E-002   2.5000000000000015E-002   1.6020694590162389E-016   1.0000000000000000E-002
  0.80374999999999996        1.0000000000000000        6.9721552888733714E-019   1.0000000000000000E-002   2.5000000000000005E-002   8.2495653898269619E-020   1.0000000000000000E-002
  0.80625000000000002        1.0000000000000000        0.0000000000000000        1.0000000000000000E-002   2.5000000000000005E-002   0.0000000000000000        1.0000000000000000E-002
  0.80874999999999997        1.0000000000000000        0.0000000000000000        1.0000000000000000E-002   2.5000000000000005E-002   0.0000000000000000        1.0000000000000000E-002
  0.81125000000000003        1.0000000000000000        0.0000000000000000        1.0000000000000000E-002   2.5000000000000005E-002   0.0000000000000000        1.0000000000000000E-002
  0.81374999999999997        1.0000000000000000        0.0000000000000000        1.0000000000000000E-002   2.5000000000000005E-002   0.0000000000000000        1.0000000000000000E-002
  0.81625000000000003        1.0000000000000000        0.0000000000000000        1.0000000000000000E-002   2.5000000000000005E-002   0.0000000000000000        1.0000000000000000E-002
  0.81874999999999998        1.0000000000000000        0.0000000000000000        1.0000000000000000E-002   2.5000000000000005E-002   0.0000000000000000        1.0000000000000000E-002
  0.82125000000000004        1.0000000000000000        0.0000000000000000        1.0000000000000000E-002   2.5000000000000005E-002   0.0000000000000000        1.0000000000000000E-002
  0.82374999999999998        1.0000000000000000        0.0000000000000000        1.0000000000000000E-002   2.5000000000000005E-002   0.0000000000000000        1.0000000000000000E-002
  0.82625000000000004        1.0000000000000000        0.0000000000000000        1.0000000000000000E-002   2.5000000000000005E-002   0.0000000000000000        1.0000000000000000E-002
  0.82874999999999999        1.0000000000000000        0.0000000000000000        1.0000000000000000E-002   2.5000000000000005E-002   0.0000000000000000        1.0000000000000000E-002
  0.83125000000000004        1.0000000000000000        0.0000000000000000        1.0000000000000000E-002   2.5000000000000005E-002   0.0000000000000000        1.0000000000000000E-002
  0.83374999999999999        1.0000000000000000        0.0000000000000000        1.0000000000000000E-002   2.5000000000000005E-002   0.0000000000000000        1.0000000000000000E-002
  0.83625000000000005        1.0000000000000000        0.0000000000000000        1.0000000000000000E-002   2.5000000000000005E-002   0.0000000000000000        1.0000000000000000E-002
  0.83875000000000000        1.0000000000000000        0.0000000000000000        1.0000000000000000E-002   2.5000000000000005E-002   0.0000000000000000        1.0000000000000000E-002
  0.84125000000000005        1.0000000000000000        0.0000000000000000        1.0000000000000000E-002   2.5000000000000005E-002   0.0000000000000000        1.0000000000000000E-002
  0.84375000000000000        1.0000000000000000        0.0000000000000000        1.0000000000000000E-002   2.5000000000000005E-002   0.0000000000000000        1.0000000000000000E-002
  0.84625000000000006        1.0000000000000000        0.0000000000000000        1.0000000000000000E-002   2.5000000000000005E-002   0.0000000000000000        1.0000000000000000E-002
  0.84875000000000000        1.0000000000000000        0.0000000000000000        1.0000000000000000E-002   2.5000000000000005E-002   0.0000000000000000        1.0000000000000000E-002
  0.85125000000000006        1.0000000000000000        0.0000000000000000        1.0000000000000000E-002   2.5000000000000005E-002   0.0000000000000000        1.0000000000000000E-002
  0.85375000000000001        1.0000000000000000        0.0000000000000000        1.0000000000000000E-002   2.5000000000000005E-002   0.0000000000000000        1.0000000000000000E-002
  0.85625000000000007        1.0000000000000000        0.0000000000000000        1.0000000000000000E-002   2.5000000000000005E-002   0.0000000000000000        1.0000000000000000E-002
  0.85875000000000001        1.0000000000000000        0.0000000000000000        1.0000000000000000E-002   2.5000000000000005E-002   0.0000000000000000        1.0000000000000000E-002
  0.86125000000000007        1.0000000000000000        0.0000000000000000        1.0000000000000000E-002   2.5000000000000005E-002   0.0000000000000000        1.0000000000000000E-002
  0.86375000000000002        1.0000000000000000        0.0000000000000000        1.0000000000000000E-002   2.5000000000000005E-002   0.0000000000000000        1.0000000000000000E-002
  0.86624999999999996        1.0000000000000000        0.0000000000000000        1.0000000000000000E-002   2.5000000000000005E-002   0.0000000000000000        1.0000000000000000E-002
  0.86875000000000002        1.0000000000000000        0.0000000000000000        1.0000000000000000E-002   2.5000000000000005E-002   0.0000000000000000        1.0000000000000000E-002
  0.87124999999999997        1.0000000000000000        0.0000000000000000        1.0000000000000000E-002   2.5000000000000005E-002   0.0000000000000000        1.0000000000000000E-002
  0.87375000000000003        1.0000000000000000        0.0000000000000000        1.0000000000000000E-002   2.5000000000000005E-002   0.0000000000000000        1.0000000000000000E-002
  0.87624999999999997        1.0000000000000000        0.0000000000000000        1.0000000000000000E-002   2.5000000000000005E-002   0.0000000000000000        1.0000000000000000E-002
  0.87875000000000003        1.0000000000000000        0.0000000000000000        1.0000000000000000E-002   2.5000000000000005E-002   0.0000000000000000        1.0000000000000000E-002
  0.88124999999999998        1.0000000000000000        0.0000000000000000        1.0000000000000000E-002   2.5000000000000005E-002   0.0000000000000000        1.0000000000000000E-002
  0.88375000000000004        1.0000000000000000        0.0000000000000000        1.0000000000000000E-002   2.5000000000000005E-002   0.0000000000000000        1.0000000000000000E-002
  0.88624999999999998        1.0000000000000000        0.0000000000000000        1.0000000000000000E-002   2.5000000000000005E-002   0.0000000000000000        1.0000000000000000E-002
  0.88875000000000004        1.0000000000000000        0.0000000000000000        1.0000000000000000E-002   2.5000000000000005E-002   0.0000000000000000        1.0000000000000000E-002
  0.89124999999999999        1.0000000000000000        0.0000000000000000        1.0000000000000000E-002   2.5000000000000005E-002   0.0000000000000000        1.0000000000000000E-002
  0.89375000000000004        1.0000000000000000        0.0000000000000000        1.0000000000000000E-002   2.5000000000000005E-002   0.0000000000000000        1.0000000000000000E-002
  0.89624999999999999        1.0000000000000000        0.0000000000000000        1.0000000000000000E-002   2.5000000000000005E-002   0.0000000000000000        1.0000000000000000E-002
  0.89875000000000005        1.0000000000000000        0.0000000000000000        1.0000000000000000E-002   2.5000000000000005E-002   0.0000000000000000        1.0000000000000000E-002
  0.90125000000000000        1.0000000000000000        0.0000000000000000        1.0000000000000000E-002   2.5000000000000005E-002   0.0000000000000000        1.0000000000000000E-002
  0.90375000000000005        1.0000000000000000        0.0000000000000000        1.0000000000000000E-002   2.5000000000000005E-002   0.0000000000000000        1.0000000000000000E-002
  0.90625000000000000        1.0000000000000000        0.0000000000000000        1.0000000000000000E-002   2.5000000000000005E-002   0.0000000000000000        1.0000000000000000E-002
  0.90875000000000006        1.0000000000000000        0.0000000000000000        1.0000000000000000E-002   2.5000000000000005E-002   0.0000000000000000        1.0000000000000000E-002
  0.91125000000000000        1.0000000000000000        0.0000000000000000        1.0000000000000000E-002   2.5000000000000005E-002   0.0000000000000000        1.0000000000000000E-002
  0.91375000000000006        1.0000000000000000        0.0000000000000000        1.0000000000000000E-002   2.5000000000000005E-002   0.0000000000000000        1.0000000000000000E-002
  0.91625000000000001        1.0000000000000000        0.0000000000000000        1.0000000000000000E-002   2.5000000000000005E-002   0.0000000000000000        1.0000000000000000E-002
  0.91875000000000007        1.0000000000000000        0.0000000000000000        1.0000000000000000E-002   2.5000000000000005E-002   0.0000000000000000        1.0000000000000000E-002
  0.92125000000000001        1.0000000000000000        0.0000000000000000        1.0000000000000000E-002   2.5000000000000005E-002   0.0000000000000000        1.0000000000000000E-002
  0.92375000000000007        1.0000000000000000        0.0000000000000000        1.0000000000000000E-002   2.5000000000000005E-002   0.0000000000000000        1.0000000000000000E-002
  0.92625000000000002        1.0000000000000000        0.0000000000000000        1.0000000000000000E-002   2.5000000000000005E-002   0.0000000000000000        1.0000000000000000E-002
  0.92874999999999996        1.0000000000000000        0.0000000000000000        1.0000000000000000E-002   2.5000000000000005E-002   0.0000000000000000        1.0000000000000000E-002
  0.93125000000000002        1.0000000000000000        0.0000000000000000        1.0000000000000000E-002   2.5000000000000005E-002   0.0000000000000000        1.0000000000000000E-002
  0.93374999999999997        1.0000000000000000        0.0000000000000000        1.0000000000000000E-002   2.5000000000000005E-002   0.0000000000000000        1.0000000000000000E-002
  0.93625000000000003        1.0000000000000000        0.0000000000000000        1.0000000000000000E-002   2.5000000000000005E-002   0.0000000000000000        1.0000000000000000E-002
  0.93874999999999997        1.0000000000000000        0.0000000000000000        1.0000000000000000E-002   2.5000000000000005E-002   0.0000000000000000        1.0000000000000000E-002
  0.94125000000000003        1.0000000000000000        0.0000000000000000        1.0000000000000000E-002   2.5000000000000005E-002   0.0000000000000000        1.0000000000000000E-002
  0.94374999999999998        1.0000000000000000        0.0000000000000000        1.0000000000000000E-002   2.5000000000000005E-002   0.0000000000000000        1.0000000000000000E-002
  0.94625000000000004        1.0000000000000000        0.0000000000000000        1.0000000000000000E-002   2.5000000000000005E-002   0.0000000000000000        1.0000000000000000E-002
  0.94874999999999998        1.0000000000000000        0.0000000000000000        1.0000000000000000E-002   2.5000000000000005E-002   0.0000000000000000        1.0000000000000000E-002
  0.95125000000000004        1.0000000000000000        0.0000000000000000        1.0000000000000000E-002   2.5000000000000005E-002   0.0000000000000000        1.0000000000000000E-002
  0.95374999999999999        1.0000000000000000        0.0000000000000000        1.0000000000000000E-002   2.5000000000000005E-002   0.0000000000000000        1.0000000000000000E-002
  0.95625000000000004        1.0000000000000000        0.0000000000000000        1.0000000000000000E-002   2.5000000000000005E-002   0.0000000000000000        1.0000000000000000E-002
  0.95874999999999999        1.0000000000000000        0.0000000000000000        1.0000000000000000E-002   2.5000000000000005E-002   0.0000000000000000        1.0000000000000000E-002
  0.96125000000000005        1.0000000000000000        0.0000000000000000        1.0000000000000000E-002   2.5000000000000005E-002   0.0000000000000000        1.0000000000000000E-002
  0.96375000000000000        1.0000000000000000        0.0000000000000000        1.0000000000000000E-002   2.5000000000000005E-002   0.0000000000000000        1.0000000000000000E-002
  0.96625000000000005        1.0000000000000000        0.0000000000000000        1.0000000000000000E-002   2.5000000000000005E-002   0.0000000000000000        1.0000000000000000E-002
  0.96875000000000000        1.0000000000000000        0.0000000000000000        1.0000000000000000E-002   2.5000000000000005E-002   0.0000000000000000        1.0000000000000000E-002
  0.97125000000000006        1.0000000000000000        0.0000000000000000        1.0000000000000000E-002   2.5000000000000005E-002   0.0000000000000000        1.0000000000000000E-002
  0.97375000000000000        1.0000000000000000        0.0000000000000000        1.0000000000000000E-002   2.5000000000000005E-002   0.0000000000000000        1.0000000000000000E-002
  0.97625000000000006        1.0000000000000000        0.0000000000000000        1.0000000000000000E-002   2.5000000000000005E-002   0.0000000000000000        1.0000000000000000E-002
  0.97875000000000001        1.0000000000000000        0.0000000000000000        1.0000000000000000E-002   2.5000000000000005E-002   0.0000000000000000        1.0000000000000000E-002
  0.98125000000000007        1.0000000000000000        0.0000000000000000        1.0000000000000000E-002   2.5000000000000005E-002   0.0000000000000000        1.0000000000000000E-002
  0.98375000000000001        1.0000000000000000        0.0000000000000000        1.0000000000000000E-002   2.5000000000000005E-002   0.0000000000000000        1.0000000000000000E-002
  0.98625000000000007        1.0000000000000000        0.0000000000000000        1.0000000000000000E-002   2.5000000000000005E-002   0.0000000000000000        1.0000000000000000E-002
  0.98875000000000002        1.0000000000000000        0.0000000000000000        1.0000000000000000E-002   2.5000000000000005E-002   0.0000000000000000        1.0000000000000000E-002
  0.99125000000000008        1.0000000000000000        0.0000000000000000        1.0000000000000000E-002   2.5000000000000005E-002   0.0000000000000000        1.0000000000000000E-002
  0.99375000000000002        1.0000000000000000        0.0000000000000000        1.0000000000000000E-002   2.5000000000000005E-002   0.0000000000000000        1.0000000000000000E-002
  0.99624999999999997        1.0000000000000000        0.0000000000000000        1.0000000000000000E-002   2.5000000000000005E-002   0.0000000000000000        1.0000000000000000E-002
  0.99875000000000003        1.0000000000000000        0.0000000000000000        1.0000000000000000E-002   2.5000000000000005E-002   0.0000000000000000        1.0000000000000000E-002
   1.0000000000000000        1.0000000000000000        0.0000000000000000        1.0000000000000000E-002   2.5000000000000005E-002   0.0000000000000000        1.0000000000000000E-002
