   2.5000000000000001E-003   1.0000000000000000        0.0000000000000000        1.0000000000000000        2.5000000000000004        2.5000000000000004        1.0000000000000000     
   7.4999999999999997E-003   1.0000000000000000        0.0000000000000000        1.0000000000000000        2.5000000000000004        2.5000000000000004        1.0000000000000000     
   1.2500000000000001E-002   1.0000000000000000        0.0000000000000000        1.0000000000000000        2.5000000000000004        2.5000000000000004        1.0000000000000000     
   1.7500000000000002E-002   1.0000000000000000        0.0000000000000000        1.0000000000000000        2.5000000000000004        2.5000000000000004        1.0000000000000000     
   2.2499999999999999E-002   1.0000000000000000        0.0000000000000000        1.0000000000000000        2.5000000000000004        2.5000000000000004        1.0000000000000000     
   2.7500000000000000E-002   1.0000000000000000        0.0000000000000000        1.0000000000000000        2.5000000000000004        2.5000000000000004        1.0000000000000000     
   3.2500000000000001E-002   1.0000000000000000        0.0000000000000000        1.0000000000000000        2.5000000000000004        2.5000000000000004        1.0000000000000000     
   3.7499999999999999E-002   1.0000000000000000        0.0000000000000000        1.0000000000000000        2.5000000000000004        2.5000000000000004        1.0000000000000000     
   4.2500000000000003E-002   1.0000000000000000        0.0000000000000000        1.0000000000000000        2.5000000000000004        2.5000000000000004        1.0000000000000000     
   4.7500000000000001E-002   1.0000000000000000        0.0000000000000000        1.0000000000000000        2.5000000000000004        2.5000000000000004        1.0000000000000000     
   5.2499999999999998E-002   1.0000000000000000        0.0000000000000000        1.0000000000000000        2.5000000000000004        2.5000000000000004        1.0000000000000000     
   5.7500000000000002E-002   1.0000000000000000        0.0000000000000000        1.0000000000000000        2.5000000000000004        2.5000000000000004        1.0000000000000000     
   6.2500000000000000E-002   1.0000000000000000        0.0000000000000000        1.0000000000000000        2.5000000000000004        2.5000000000000004        1.0000000000000000     
   6.7500000000000004E-002   1.0000000000000000        0.0000000000000000        1.0000000000000000        2.5000000000000004        2.5000000000000004        1.0000000000000000     
   7.2499999999999995E-002   1.0000000000000000        0.0000000000000000        1.0000000000000000        2.5000000000000004        2.5000000000000004        1.0000000000000000     
   7.7499999999999999E-002   1.0000000000000000        0.0000000000000000        1.0000000000000000        2.5000000000000004        2.5000000000000004        1.0000000000000000     
   8.2500000000000004E-002   1.0000000000000000        0.0000000000000000        1.0000000000000000        2.5000000000000004        2.5000000000000004        1.0000000000000000     
   8.7500000000000008E-002   1.0000000000000000        0.0000000000000000        1.0000000000000000        2.5000000000000004        2.5000000000000004        1.0000000000000000     
   9.2499999999999999E-002   1.0000000000000000        0.0000000000000000        1.0000000000000000        2.5000000000000004        2.5000000000000004        1.0000000000000000     
   9.7500000000000003E-002   1.0000000000000000        0.0000000000000000        1.0000000000000000        2.5000000000000004        2.5000000000000004        1.0000000000000000     
  0.10250000000000001        1.0000000000000000        0.0000000000000000        1.0000000000000000        2.5000000000000004        2.5000000000000004        1.0000000000000000     
  0.10750000000000000        1.0000000000000000        0.0000000000000000        1.0000000000000000        2.5000000000000004        2.5000000000000004        1.0000000000000000     
  0.11250000000000000        1.0000000000000000        0.0000000000000000        1.0000000000000000        2.5000000000000004        2.5000000000000004        1.0000000000000000     
  0.11750000000000001        1.0000000000000000        0.0000000000000000        1.0000000000000000        2.5000000000000004        2.5000000000000004        1.0000000000000000     
  0.12250000000000000        1.0000000000000000        0.0000000000000000        1.0000000000000000        2.5000000000000004        2.5000000000000004        1.0000000000000000     
  0.12750000000000000        1.0000000000000000        0.0000000000000000        1.0000000000000000        2.5000000000000004        2.5000000000000004        1.0000000000000000     
  0.13250000000000001        1.0000000000000000        0.0000000000000000        1.0000000000000000        2.5000000000000004        2.5000000000000004        1.0000000000000000     
  0.13750000000000001        1.0000000000000000        0.0000000000000000        1.0000000000000000        2.5000000000000004        2.5000000000000004        1.0000000000000000     
  0.14250000000000002        1.0000000000000000        0.0000000000000000        1.0000000000000000        2.5000000000000004        2.5000000000000004        1.0000000000000000     
  0.14749999999999999        1.0000000000000000        0.0000000000000000        1.0000000000000000        2.5000000000000004        2.5000000000000004        1.0000000000000000     
  0.15250000000000000        1.0000000000000000        0.0000000000000000        1.0000000000000000        2.5000000000000004        2.5000000000000004        1.0000000000000000     
  0.15750000000000000        1.0000000000000000        0.0000000000000000        1.0000000000000000        2.5000000000000004        2.5000000000000004        1.0000000000000000     
  0.16250000000000001        1.0000000000000000        0.0000000000000000        1.0000000000000000        2.5000000000000004        2.5000000000000004        1.0000000000000000     
  0.16750000000000001        1.0000000000000000        0.0000000000000000        1.0000000000000000        2.5000000000000004        2.5000000000000004        1.0000000000000000     
  0.17250000000000001        1.0000000000000000        0.0000000000000000        1.0000000000000000        2.5000000000000004        2.5000000000000004        1.0000000000000000     
  0.17749999999999999        1.0000000000000000        0.0000000000000000        1.0000000000000000        2.5000000000000004        2.5000000000000004        1.0000000000000000     
  0.18250000000000000        1.0000000000000000        0.0000000000000000        1.0000000000000000        2.5000000000000004        2.5000000000000004        1.0000000000000000     
  0.18750000000000000        1.0000000000000000        0.0000000000000000        1.0000000000000000        2.5000000000000004        2.5000000000000004        1.0000000000000000     
  0.19250000000000000        1.0000000000000000        0.0000000000000000        1.0000000000000000        2.5000000000000004        2.5000000000000004        1.0000000000000000     
  0.19750000000000001        1.0000000000000000        0.0000000000000000        1.0000000000000000        2.5000000000000004        2.5000000000000004        1.0000000000000000     
  0.20250000000000001        1.0000000000000000        0.0000000000000000        1.0000000000000000        2.5000000000000004        2.5000000000000004        1.0000000000000000     
  0.20750000000000002        1.0000000000000000        0.0000000000000000        1.0000000000000000        2.5000000000000004        2.5000000000000004        1.0000000000000000     
  0.21249999999999999        1.0000000000000000        0.0000000000000000        1.0000000000000000        2.5000000000000004        2.5000000000000004        1.0000000000000000     
  0.21750000000000000        1.0000000000000000        0.0000000000000000        1.0000000000000000        2.5000000000000004        2.5000000000000004        1.0000000000000000     
  0.22250000000000000        1.0000000000000000        0.0000000000000000        1.0000000000000000        2.5000000000000004        2.5000000000000004        1.0000000000000000     
  0.22750000000000001        1.0000000000000000        0.0000000000000000        1.0000000000000000        2.5000000000000004        2.5000000000000004        1.0000000000000000     
  0.23250000000000001        1.0000000000000000        0.0000000000000000        1.0000000000000000        2.5000000000000004        2.5000000000000004        1.0000000000000000     
  0.23750000000000002        1.0000000000000000        0.0000000000000000        1.0000000000000000        2.5000000000000004        2.5000000000000004        1.0000000000000000     
  0.24249999999999999        1.0000000000000000        0.0000000000000000        1.0000000000000000        2.5000000000000004        2.5000000000000004        1.0000000000000000     
  0.24750000000000000        1.0000000000000000        0.0000000000000000        1.0000000000000000        2.5000000000000004        2.5000000000000004        1.0000000000000000     
  0.25250000000000000        1.0000000000000000        0.0000000000000000        1.0000000000000000        2.5000000000000004        2.5000000000000004        1.0000000000000000     
  0.25750000000000001        1.0000000000000000        0.0000000000000000        1.0000000000000000        2.5000000000000004        2.5000000000000004        1.0000000000000000     
  0.26250000000000001        1.0000000000000000        0.0000000000000000        1.0000000000000000        2.5000000000000004        2.5000000000000004        1.0000000000000000     
  0.26750000000000002        1.0000000000000000        0.0000000000000000        1.0000000000000000        2.5000000000000004        2.5000000000000004        1.0000000000000000     
  0.27250000000000002        1.0000000000000000        0.0000000000000000        1.0000000000000000        2.5000000000000004        2.5000000000000004        1.0000000000000000     
  0.27750000000000002        1.0000000000000000        0.0000000000000000        1.0000000000000000        2.5000000000000004        2.5000000000000004        1.0000000000000000     
  0.28250000000000003        1.0000000000000000        0.0000000000000000        1.0000000000000000        2.5000000000000004        2.5000000000000004        1.0000000000000000     
  0.28750000000000003        1.0000000000000000        0.0000000000000000        1.0000000000000000        2.5000000000000004        2.5000000000000004        1.0000000000000000     
  0.29249999999999998        1.0000000000000000        0.0000000000000000        1.0000000000000000        2.5000000000000004        2.5000000000000004        1.0000000000000000     
  0.29749999999999999        1.0000000000000000        0.0000000000000000        1.0000000000000000        2.5000000000000004        2.5000000000000004        1.0000000000000000     
  0.30249999999999999        1.0000000000000000        0.0000000000000000        1.0000000000000000        2.5000000000000004        2.5000000000000004        1.0000000000000000     
  0.30750000000000000        1.0000000000000000        0.0000000000000000        1.0000000000000000        2.5000000000000004        2.5000000000000004        1.0000000000000000     
  0.31250000000000000        1.0000000000000000        0.0000000000000000        1.0000000000000000        2.5000000000000004        2.5000000000000004        1.0000000000000000     
  0.31750000000000000        1.0000000000000000        0.0000000000000000        1.0000000000000000        2.5000000000000004        2.5000000000000004        1.0000000000000000     
  0.32250000000000001        1.0000000000000000        0.0000000000000000        1.0000000000000000        2.5000000000000004        2.5000000000000004        1.0000000000000000     
  0.32750000000000001        1.0000000000000000        0.0000000000000000        1.0000000000000000        2.5000000000000004        2.5000000000000004        1.0000000000000000     
  0.33250000000000002        1.0000000000000000        0.0000000000000000        1.0000000000000000        2.5000000000000004        2.5000000000000004        1.0000000000000000     
  0.33750000000000002        1.0000000000000000        0.0000000000000000        1.0000000000000000        2.5000000000000004        2.5000000000000004        1.0000000000000000     
  0.34250000000000003        1.0000000000000000        0.0000000000000000        1.0000000000000000        2.5000000000000004        2.5000000000000004        1.0000000000000000     
  0.34750000000000003        1.0000000000000000        0.0000000000000000        1.0000000000000000        2.5000000000000004        2.5000000000000004        1.0000000000000000     
  0.35249999999999998        1.0000000000000000        0.0000000000000000        1.0000000000000000        2.5000000000000004        2.5000000000000004        1.0000000000000000     
  0.35749999999999998        1.0000000000000000        0.0000000000000000        1.0000000000000000        2.5000000000000004        2.5000000000000004        1.0000000000000000     
  0.36249999999999999        1.0000000000000000        0.0000000000000000        1.0000000000000000        2.5000000000000004        2.5000000000000004        1.0000000000000000     
  0.36749999999999999        1.0000000000000000        0.0000000000000000        1.0000000000000000        2.5000000000000004        2.5000000000000004        1.0000000000000000     
  0.37250000000000000        1.0000000000000000        0.0000000000000000        1.0000000000000000        2.5000000000000004        2.5000000000000004        1.0000000000000000     
  0.37750000000000000        1.0000000000000000        0.0000000000000000        1.0000000000000000        2.5000000000000004        2.5000000000000004        1.0000000000000000     
  0.38250000000000001        1.0000000000000000        0.0000000000000000        1.0000000000000000        2.5000000000000004        2.5000000000000004        1.0000000000000000     
  0.38750000000000001        1.0000000000000000        0.0000000000000000        1.0000000000000000        2.5000000000000004        2.5000000000000004        1.0000000000000000     
  0.39250000000000002        1.0000000000000000        0.0000000000000000        1.0000000000000000        2.5000000000000004        2.5000000000000004        1.0000000000000000     
  0.39750000000000002        1.0000000000000000        0.0000000000000000        1.0000000000000000        2.5000000000000004        2.5000000000000004        1.0000000000000000     
  0.40250000000000002        1.0000000000000000        0.0000000000000000        1.0000000000000000        2.5000000000000004        2.5000000000000004        1.0000000000000000     
  0.40750000000000003        1.0000000000000000        0.0000000000000000        1.0000000000000000        2.5000000000000004        2.5000000000000004        1.0000000000000000     
  0.41250000000000003        1.0000000000000000        0.0000000000000000        1.0000000000000000        2.5000000000000004        2.5000000000000004        1.0000000000000000     
  0.41749999999999998        1.0000000000000000        0.0000000000000000        1.0000000000000000        2.5000000000000004        2.5000000000000004        1.0000000000000000     
  0.42249999999999999        1.0000000000000000        0.0000000000000000        1.0000000000000000        2.5000000000000004        2.5000000000000004        1.0000000000000000     
  0.42749999999999999        1.0000000000000000        0.0000000000000000        1.0000000000000000        2.5000000000000004        2.5000000000000004        1.0000000000000000     
  0.43250000000000000        1.0000000000000000        0.0000000000000000        1.0000000000000000        2.5000000000000004        2.5000000000000004        1.0000000000000000     
  0.43750000000000000        1.0000000000000000        0.0000000000000000        1.0000000000000000        2.5000000000000004        2.5000000000000004        1.0000000000000000     
  0.44250000000000000        1.0000000000000000        0.0000000000000000        1.0000000000000000        2.5000000000000004        2.5000000000000004        1.0000000000000000     
  0.44750000000000001        1.0000000000000000        0.0000000000000000        1.0000000000000000        2.5000000000000004        2.5000000000000004        1.0000000000000000     
  0.45250000000000001        1.0000000000000000        0.0000000000000000        1.0000000000000000        2.5000000000000004        2.5000000000000004        1.0000000000000000     
  0.45750000000000002        1.0000000000000000        0.0000000000000000        1.0000000000000000        2.5000000000000004        2.5000000000000004        1.0000000000000000     
  0.46250000000000002        1.0000000000000000        0.0000000000000000        1.0000000000000000        2.5000000000000004        2.5000000000000004        1.0000000000000000     
  0.46750000000000003        1.0000000000000000        0.0000000000000000        1.0000000000000000        2.5000000000000004        2.5000000000000004        1.0000000000000000     
  0.47250000000000003        1.0000000000000000        0.0000000000000000        1.0000000000000000        2.5000000000000004        2.5000000000000004        1.0000000000000000     
  0.47750000000000004        1.0000000000000000        0.0000000000000000        1.0000000000000000        2.5000000000000004        2.5000000000000004        1.0000000000000000     
  0.48249999999999998        1.0000000000000000        0.0000000000000000        1.0000000000000000        2.5000000000000004        2.5000000000000004        1.0000000000000000     
  0.48749999999999999        1.0000000000000000        0.0000000000000000        1.0000000000000000        2.5000000000000004        2.5000000000000004        1.0000000000000000     
  0.49249999999999999        1.0000000000000000        0.0000000000000000        1.0000000000000000        2.5000000000000004        2.5000000000000004        1.0000000000000000     
  0.49750000000000000        1.0000000000000000        0.0000000000000000        1.0000000000000000        2.5000000000000004        2.5000000000000004        1.0000000000000000     
  0.50250000000000006       0.12500000000000000        0.0000000000000000       0.10000000000000001        2.0000000000000004        2.0000000000000004        1.8379173679952556     
  0.50750000000000006       0.12500000000000000        0.0000000000000000       0.10000000000000001        2.0000000000000004        2.0000000000000004        1.8379173679952556     
  0.51249999999999996       0.12500000000000000        0.0000000000000000       0.10000000000000001        2.0000000000000004        2.0000000000000004        1.8379173679952556     
  0.51749999999999996       0.12500000000000000        0.0000000000000000       0.10000000000000001        2.0000000000000004        2.0000000000000004        1.8379173679952556     
  0.52249999999999996       0.12500000000000000        0.0000000000000000       0.10000000000000001        2.0000000000000004        2.0000000000000004        1.8379173679952556     
  0.52749999999999997       0.12500000000000000        0.0000000000000000       0.10000000000000001        2.0000000000000004        2.0000000000000004        1.8379173679952556     
  0.53249999999999997       0.12500000000000000        0.0000000000000000       0.10000000000000001        2.0000000000000004        2.0000000000000004        1.8379173679952556     
  0.53749999999999998       0.12500000000000000        0.0000000000000000       0.10000000000000001        2.0000000000000004        2.0000000000000004        1.8379173679952556     
  0.54249999999999998       0.12500000000000000        0.0000000000000000       0.10000000000000001        2.0000000000000004        2.0000000000000004        1.8379173679952556     
  0.54749999999999999       0.12500000000000000        0.0000000000000000       0.10000000000000001        2.0000000000000004        2.0000000000000004        1.8379173679952556     
  0.55249999999999999       0.12500000000000000        0.0000000000000000       0.10000000000000001        2.0000000000000004        2.0000000000000004        1.8379173679952556     
  0.55750000000000000       0.12500000000000000        0.0000000000000000       0.10000000000000001        2.0000000000000004        2.0000000000000004        1.8379173679952556     
  0.56250000000000000       0.12500000000000000        0.0000000000000000       0.10000000000000001        2.0000000000000004        2.0000000000000004        1.8379173679952556     
  0.56750000000000000       0.12500000000000000        0.0000000000000000       0.10000000000000001        2.0000000000000004        2.0000000000000004        1.8379173679952556     
  0.57250000000000001       0.12500000000000000        0.0000000000000000       0.10000000000000001        2.0000000000000004        2.0000000000000004        1.8379173679952556     
  0.57750000000000001       0.12500000000000000        0.0000000000000000       0.10000000000000001        2.0000000000000004        2.0000000000000004        1.8379173679952556     
  0.58250000000000002       0.12500000000000000        0.0000000000000000       0.10000000000000001        2.0000000000000004        2.0000000000000004        1.8379173679952556     
  0.58750000000000002       0.12500000000000000        0.0000000000000000       0.10000000000000001        2.0000000000000004        2.0000000000000004        1.8379173679952556     
  0.59250000000000003       0.12500000000000000        0.0000000000000000       0.10000000000000001        2.0000000000000004        2.0000000000000004        1.8379173679952556     
  0.59750000000000003       0.12500000000000000        0.0000000000000000       0.10000000000000001        2.0000000000000004        2.0000000000000004        1.8379173679952556     
  0.60250000000000004       0.12500000000000000        0.0000000000000000       0.10000000000000001        2.0000000000000004        2.0000000000000004        1.8379173679952556     
  0.60750000000000004       0.12500000000000000        0.0000000000000000       0.10000000000000001        2.0000000000000004        2.0000000000000004        1.8379173679952556     
  0.61250000000000004       0.12500000000000000        0.0000000000000000       0.10000000000000001        2.0000000000000004        2.0000000000000004        1.8379173679952556     
  0.61750000000000005       0.12500000000000000        0.0000000000000000       0.10000000000000001        2.0000000000000004        2.0000000000000004        1.8379173679952556     
  0.62250000000000005       0.12500000000000000        0.0000000000000000       0.10000000000000001        2.0000000000000004        2.0000000000000004        1.8379173679952556     
  0.62750000000000006       0.12500000000000000        0.0000000000000000       0.10000000000000001        2.0000000000000004        2.0000000000000004        1.8379173679952556     
  0.63250000000000006       0.12500000000000000        0.0000000000000000       0.10000000000000001        2.0000000000000004        2.0000000000000004        1.8379173679952556     
  0.63750000000000007       0.12500000000000000        0.0000000000000000       0.10000000000000001        2.0000000000000004        2.0000000000000004        1.8379173679952556     
  0.64249999999999996       0.12500000000000000        0.0000000000000000       0.10000000000000001        2.0000000000000004        2.0000000000000004        1.8379173679952556     
  0.64749999999999996       0.12500000000000000        0.0000000000000000       0.10000000000000001        2.0000000000000004        2.0000000000000004        1.8379173679952556     
  0.65249999999999997       0.12500000000000000        0.0000000000000000       0.10000000000000001        2.0000000000000004        2.0000000000000004        1.8379173679952556     
  0.65749999999999997       0.12500000000000000        0.0000000000000000       0.10000000000000001        2.0000000000000004        2.0000000000000004        1.8379173679952556     
  0.66249999999999998       0.12500000000000000        0.0000000000000000       0.10000000000000001        2.0000000000000004        2.0000000000000004        1.8379173679952556     
  0.66749999999999998       0.12500000000000000        0.0000000000000000       0.10000000000000001        2.0000000000000004        2.0000000000000004        1.8379173679952556     
  0.67249999999999999       0.12500000000000000        0.0000000000000000       0.10000000000000001        2.0000000000000004        2.0000000000000004        1.8379173679952556     
  0.67749999999999999       0.12500000000000000        0.0000000000000000       0.10000000000000001        2.0000000000000004        2.0000000000000004        1.8379173679952556     
  0.68250000000000000       0.12500000000000000        0.0000000000000000       0.10000000000000001        2.0000000000000004        2.0000000000000004        1.8379173679952556     
  0.68750000000000000       0.12500000000000000        0.0000000000000000       0.10000000000000001        2.0000000000000004        2.0000000000000004        1.8379173679952556     
  0.69250000000000000       0.12500000000000000        0.0000000000000000       0.10000000000000001        2.0000000000000004        2.0000000000000004        1.8379173679952556     
  0.69750000000000001       0.12500000000000000        0.0000000000000000       0.10000000000000001        2.0000000000000004        2.0000000000000004        1.8379173679952556     
  0.70250000000000001       0.12500000000000000        0.0000000000000000       0.10000000000000001        2.0000000000000004        2.0000000000000004        1.8379173679952556     
  0.70750000000000002       0.12500000000000000        0.0000000000000000       0.10000000000000001        2.0000000000000004        2.0000000000000004        1.8379173679952556     
  0.71250000000000002       0.12500000000000000        0.0000000000000000       0.10000000000000001        2.0000000000000004        2.0000000000000004        1.8379173679952556     
  0.71750000000000003       0.12500000000000000        0.0000000000000000       0.10000000000000001        2.0000000000000004        2.0000000000000004        1.8379173679952556     
  0.72250000000000003       0.12500000000000000        0.0000000000000000       0.10000000000000001        2.0000000000000004        2.0000000000000004        1.8379173679952556     
  0.72750000000000004       0.12500000000000000        0.0000000000000000       0.10000000000000001        2.0000000000000004        2.0000000000000004        1.8379173679952556     
  0.73250000000000004       0.12500000000000000        0.0000000000000000       0.10000000000000001        2.0000000000000004        2.0000000000000004        1.8379173679952556     
  0.73750000000000004       0.12500000000000000        0.0000000000000000       0.10000000000000001        2.0000000000000004        2.0000000000000004        1.8379173679952556     
  0.74250000000000005       0.12500000000000000        0.0000000000000000       0.10000000000000001        2.0000000000000004        2.0000000000000004        1.8379173679952556     
  0.74750000000000005       0.12500000000000000        0.0000000000000000       0.10000000000000001        2.0000000000000004        2.0000000000000004        1.8379173679952556     
  0.75250000000000006       0.12500000000000000        0.0000000000000000       0.10000000000000001        2.0000000000000004        2.0000000000000004        1.8379173679952556     
  0.75750000000000006       0.12500000000000000        0.0000000000000000       0.10000000000000001        2.0000000000000004        2.0000000000000004        1.8379173679952556     
  0.76250000000000007       0.12500000000000000        0.0000000000000000       0.10000000000000001        2.0000000000000004        2.0000000000000004        1.8379173679952556     
  0.76750000000000007       0.12500000000000000        0.0000000000000000       0.10000000000000001        2.0000000000000004        2.0000000000000004        1.8379173679952556     
  0.77249999999999996       0.12500000000000000        0.0000000000000000       0.10000000000000001        2.0000000000000004        2.0000000000000004        1.8379173679952556     
  0.77749999999999997       0.12500000000000000        0.0000000000000000       0.10000000000000001        2.0000000000000004        2.0000000000000004        1.8379173679952556     
  0.78249999999999997       0.12500000000000000        0.0000000000000000       0.10000000000000001        2.0000000000000004        2.0000000000000004        1.8379173679952556     
  0.78749999999999998       0.12500000000000000        0.0000000000000000       0.10000000000000001        2.0000000000000004        2.0000000000000004        1.8379173679952556     
  0.79249999999999998       0.12500000000000000        0.0000000000000000       0.10000000000000001        2.0000000000000004        2.0000000000000004        1.8379173679952556     
  0.79749999999999999       0.12500000000000000        0.0000000000000000       0.10000000000000001        2.0000000000000004        2.0000000000000004        1.8379173679952556     
  0.80249999999999999       0.12500000000000000        0.0000000000000000       0.10000000000000001        2.0000000000000004        2.0000000000000004        1.8379173679952556     
  0.80750000000000000       0.12500000000000000        0.0000000000000000       0.10000000000000001        2.0000000000000004        2.0000000000000004        1.8379173679952556     
  0.81250000000000000       0.12500000000000000        0.0000000000000000       0.10000000000000001        2.0000000000000004        2.0000000000000004        1.8379173679952556     
  0.81750000000000000       0.12500000000000000        0.0000000000000000       0.10000000000000001        2.0000000000000004        2.0000000000000004        1.8379173679952556     
  0.82250000000000001       0.12500000000000000        0.0000000000000000       0.10000000000000001        2.0000000000000004        2.0000000000000004        1.8379173679952556     
  0.82750000000000001       0.12500000000000000        0.0000000000000000       0.10000000000000001        2.0000000000000004        2.0000000000000004        1.8379173679952556     
  0.83250000000000002       0.12500000000000000        0.0000000000000000       0.10000000000000001        2.0000000000000004        2.0000000000000004        1.8379173679952556     
  0.83750000000000002       0.12500000000000000        0.0000000000000000       0.10000000000000001        2.0000000000000004        2.0000000000000004        1.8379173679952556     
  0.84250000000000003       0.12500000000000000        0.0000000000000000       0.10000000000000001        2.0000000000000004        2.0000000000000004        1.8379173679952556     
  0.84750000000000003       0.12500000000000000        0.0000000000000000       0.10000000000000001        2.0000000000000004        2.0000000000000004        1.8379173679952556     
  0.85250000000000004       0.12500000000000000        0.0000000000000000       0.10000000000000001        2.0000000000000004        2.0000000000000004        1.8379173679952556     
  0.85750000000000004       0.12500000000000000        0.0000000000000000       0.10000000000000001        2.0000000000000004        2.0000000000000004        1.8379173679952556     
  0.86250000000000004       0.12500000000000000        0.0000000000000000       0.10000000000000001        2.0000000000000004        2.0000000000000004        1.8379173679952556     
  0.86750000000000005       0.12500000000000000        0.0000000000000000       0.10000000000000001        2.0000000000000004        2.0000000000000004        1.8379173679952556     
  0.87250000000000005       0.12500000000000000        0.0000000000000000       0.10000000000000001        2.0000000000000004        2.0000000000000004        1.8379173679952556     
  0.87750000000000006       0.12500000000000000        0.0000000000000000       0.10000000000000001        2.0000000000000004        2.0000000000000004        1.8379173679952556     
  0.88250000000000006       0.12500000000000000        0.0000000000000000       0.10000000000000001        2.0000000000000004        2.0000000000000004        1.8379173679952556     
  0.88750000000000007       0.12500000000000000        0.0000000000000000       0.10000000000000001        2.0000000000000004        2.0000000000000004        1.8379173679952556     
  0.89250000000000007       0.12500000000000000        0.0000000000000000       0.10000000000000001        2.0000000000000004        2.0000000000000004        1.8379173679952556     
  0.89749999999999996       0.12500000000000000        0.0000000000000000       0.10000000000000001        2.0000000000000004        2.0000000000000004        1.8379173679952556     
  0.90249999999999997       0.12500000000000000        0.0000000000000000       0.10000000000000001        2.0000000000000004        2.0000000000000004        1.8379173679952556     
  0.90749999999999997       0.12500000000000000        0.0000000000000000       0.10000000000000001        2.0000000000000004        2.0000000000000004        1.8379173679952556     
  0.91249999999999998       0.12500000000000000        0.0000000000000000       0.10000000000000001        2.0000000000000004        2.0000000000000004        1.8379173679952556     
  0.91749999999999998       0.12500000000000000        0.0000000000000000       0.10000000000000001        2.0000000000000004        2.0000000000000004        1.8379173679952556     
  0.92249999999999999       0.12500000000000000        0.0000000000000000       0.10000000000000001        2.0000000000000004        2.0000000000000004        1.8379173679952556     
  0.92749999999999999       0.12500000000000000        0.0000000000000000       0.10000000000000001        2.0000000000000004        2.0000000000000004        1.8379173679952556     
  0.93250000000000000       0.12500000000000000        0.0000000000000000       0.10000000000000001        2.0000000000000004        2.0000000000000004        1.8379173679952556     
  0.93750000000000000       0.12500000000000000        0.0000000000000000       0.10000000000000001        2.0000000000000004        2.0000000000000004        1.8379173679952556     
  0.94250000000000000       0.12500000000000000        0.0000000000000000       0.10000000000000001        2.0000000000000004        2.0000000000000004        1.8379173679952556     
  0.94750000000000001       0.12500000000000000        0.0000000000000000       0.10000000000000001        2.0000000000000004        2.0000000000000004        1.8379173679952556     
  0.95250000000000001       0.12500000000000000        0.0000000000000000       0.10000000000000001        2.0000000000000004        2.0000000000000004        1.8379173679952556     
  0.95750000000000002       0.12500000000000000        0.0000000000000000       0.10000000000000001        2.0000000000000004        2.0000000000000004        1.8379173679952556     
  0.96250000000000002       0.12500000000000000        0.0000000000000000       0.10000000000000001        2.0000000000000004        2.0000000000000004        1.8379173679952556     
  0.96750000000000003       0.12500000000000000        0.0000000000000000       0.10000000000000001        2.0000000000000004        2.0000000000000004        1.8379173679952556     
  0.97250000000000003       0.12500000000000000        0.0000000000000000       0.10000000000000001        2.0000000000000004        2.0000000000000004        1.8379173679952556     
  0.97750000000000004       0.12500000000000000        0.0000000000000000       0.10000000000000001        2.0000000000000004        2.0000000000000004        1.8379173679952556     
  0.98250000000000004       0.12500000000000000        0.0000000000000000       0.10000000000000001        2.0000000000000004        2.0000000000000004        1.8379173679952556     
  0.98750000000000004       0.12500000000000000        0.0000000000000000       0.10000000000000001        2.0000000000000004        2.0000000000000004        1.8379173679952556     
  0.99250000000000005       0.12500000000000000        0.0000000000000000       0.10000000000000001        2.0000000000000004        2.0000000000000004        1.8379173679952556     
  0.99750000000000005       0.12500000000000000        0.0000000000000000       0.10000000000000001        2.0000000000000004        2.0000000000000004        1.8379173679952556     
   1.0000000000000000       0.12500000000000000        0.0000000000000000       0.10000000000000001        2.0000000000000004        2.0000000000000004        1.8379173679952556     
