   2.5000000000000001E-003   1.0000000000000000        0.0000000000000000        1.0000000000000000        2.5000000000000004        2.5000000000000004        1.0000000000000000     
   7.4999999999999997E-003   1.0000000000000000        0.0000000000000000        1.0000000000000000        2.5000000000000004        2.5000000000000004        1.0000000000000000     
   1.2500000000000001E-002   1.0000000000000000        0.0000000000000000        1.0000000000000000        2.5000000000000004        2.5000000000000004        1.0000000000000000     
   1.7500000000000002E-002   1.0000000000000000        0.0000000000000000        1.0000000000000000        2.5000000000000004        2.5000000000000004        1.0000000000000000     
   2.2499999999999999E-002   1.0000000000000000        1.5324901236225266E-017   1.0000000000000000        2.5000000000000004        2.5000000000000004        1.0000000000000000     
   2.7500000000000000E-002   1.0000000000000000        1.5854258700027709E-016   1.0000000000000000        2.5000000000000004        2.5000000000000004        1.0000000000000000     
   3.2500000000000001E-002  0.99999999999999922        7.5111442379974605E-016  0.99999999999999911        2.5000000000000004        2.5000000000000004        1.0000000000000002     
   3.7499999999999999E-002  0.99999999999999778        1.7949867754732915E-015  0.99999999999999722        2.4999999999999991        2.4999999999999991        1.0000000000000004     
   4.2500000000000003E-002  0.99999999999999634        3.0726089118543850E-015  0.99999999999999512        2.4999999999999973        2.4999999999999973        1.0000000000000002     
   4.7500000000000001E-002  0.99999999999999445        5.0644676258743715E-015  0.99999999999999223        2.4999999999999951        2.4999999999999951        1.0000000000000000     
   5.2499999999999998E-002  0.99999999999999067        8.8127026133469129E-015  0.99999999999998679        2.4999999999999907        2.4999999999999907       0.99999999999999989     
   5.7500000000000002E-002  0.99999999999998368        1.5851773166558412E-014  0.99999999999997702        2.4999999999999840        2.4999999999999840       0.99999999999999989     
   6.2500000000000000E-002  0.99999999999997069        2.8852569515113691E-014  0.99999999999995881        2.4999999999999707        2.4999999999999707       0.99999999999999989     
   6.7500000000000004E-002  0.99999999999994704        5.2632100677577294E-014  0.99999999999992562        2.4999999999999472        2.4999999999999472       0.99999999999999978     
   7.2499999999999995E-002  0.99999999999990430        9.5246987026576892E-014  0.99999999999986566        2.4999999999999041        2.4999999999999041       0.99999999999999967     
   7.7499999999999999E-002  0.99999999999982914        1.7055054415418196E-013  0.99999999999976052        2.4999999999998290        2.4999999999998290       0.99999999999999978     
   8.2500000000000004E-002  0.99999999999969780        3.0172224421527964E-013  0.99999999999957678        2.4999999999996980        2.4999999999996980       0.99999999999999989     
   8.7500000000000008E-002  0.99999999999947242        5.2651990558829571E-013  0.99999999999926237        2.4999999999994755        2.4999999999994755        1.0000000000000011     
   9.2499999999999999E-002  0.99999999999909395        9.0594646592315335E-013  0.99999999999873135        2.4999999999990941        2.4999999999990941       0.99999999999999978     
   9.7500000000000003E-002  0.99999999999846290        1.5369406064166244E-012  0.99999999999784783        2.4999999999984630        2.4999999999984630       0.99999999999999978     
  0.10250000000000001       0.99999999999742950        2.5703373717980540E-012  0.99999999999640132        2.4999999999974301        2.4999999999974301        1.0000000000000000     
  0.10750000000000000       0.99999999999576372        4.2364444188417734E-012  0.99999999999406808        2.4999999999957616        2.4999999999957616       0.99999999999999889     
  0.11250000000000000       0.99999999999311862        6.8802790317393467E-012  0.99999999999036659        2.4999999999931206        2.4999999999931206        1.0000000000000007     
  0.11750000000000001       0.99999999998899036        1.1008867521971342E-011  0.99999999998458622        2.4999999999889901        2.4999999999889901       0.99999999999999967     
  0.12250000000000000       0.99999999998264510        1.7351826354162343E-011  0.99999999997570488        2.4999999999826499        2.4999999999826499        1.0000000000000018     
  0.12750000000000000       0.99999999997305922        2.6937135845878507E-011  0.99999999996228250        2.4999999999730589        2.4999999999730589       0.99999999999999956     
  0.13250000000000001       0.99999999995880950        4.1182356390276211E-011  0.99999999994233457        2.4999999999588134        2.4999999999588134        1.0000000000000013     
  0.13750000000000001       0.99999999993798727        6.1997574736632021E-011  0.99999999991318211        2.4999999999379878        2.4999999999379878       0.99999999999999989     
  0.14250000000000002       0.99999999990807220        9.1896006953982330E-011  0.99999999987130184        2.4999999999080749        2.4999999999080749        1.0000000000000009     
  0.14749999999999999       0.99999999986583510        1.3410387657846255E-010  0.99999999981216825        2.4999999998658335        2.4999999998658335       0.99999999999999911     
  0.15250000000000000       0.99999999980722565        1.9265581597865595E-010  0.99999999973011566        2.4999999998072258        2.4999999998072258       0.99999999999999978     
  0.15750000000000000       0.99999999972732445        2.7245451553513227E-010  0.99999999961825548        2.4999999997273279        2.4999999997273279        1.0000000000000013     
  0.16250000000000001       0.99999999962046171        3.7914600592792017E-010  0.99999999946864604        2.4999999996204614        2.4999999996204614       0.99999999999999967     
  0.16750000000000001       0.99999999948051776        5.1881028362965136E-010  0.99999999927272487        2.4999999994805182        2.4999999994805182        1.0000000000000000     
  0.17250000000000001       0.99999999929103889        7.0770112188421773E-010  0.99999999900745384        2.4999999992910378        2.4999999992910378       0.99999999999999944     
  0.17749999999999999       0.99999999891451674        1.0722892373177928E-009  0.99999999848032162        2.4999999989145127        2.4999999989145127       0.99999999999999822     
  0.18250000000000000       0.99999999684172791        3.4767559280210433E-009  0.99999999557841768        2.4999999968417250        2.4999999968417250       0.99999999999999856     
  0.18750000000000000       0.99999999103580717        9.3575042321648959E-009  0.99999998745013097        2.4999999910358102        2.4999999910358102        1.0000000000000009     
  0.19250000000000000       0.99999997477903213        2.5585597301362625E-008  0.99999996469064523        2.4999999747790325        2.4999999747790329        1.0000000000000002     
  0.19750000000000001       0.99999992762345813        7.2723352408620607E-008  0.99999989867284200        2.4999999276234548        2.4999999276234584       0.99999999999999911     
  0.20250000000000001       0.99999979105849945        2.0927302267483387E-007  0.99999970748191314        2.4999997910584910        2.4999997910585217        1.0000000000000018     
  0.20750000000000002       0.99999940240308660        5.9792888413237800E-007  0.99999916336444494        2.4999994024030392        2.4999994024032897        1.0000000000000238     
  0.21249999999999999       0.99999832054568116        1.6798053283888288E-006  0.99999764876491148        2.4999983205452558        2.4999983205472311        1.0000000000001681     
  0.21750000000000000       0.99999538065419613        4.6197271944288301E-006  0.99999353292300441        2.4999953806506832        2.4999953806656223        1.0000000000011551     
  0.22250000000000000       0.99998759229544387        1.2408178298629193E-005  0.99998262926427495        2.4999875922681269        2.4999875923759003        1.0000000000075473     
  0.22750000000000001       0.99996750769976828        3.2493286951511132E-005  0.99995451112157097        2.4999675074987513        2.4999675082378112        1.0000000000462856     
  0.23250000000000001       0.99991718132222118        8.2822859060863001E-005  0.99988405603671582        2.4999171799271882        2.4999171847287673        1.0000000002651037     
  0.23750000000000002       0.99979492071723786        2.0510289622492983E-004  0.99971290218731834        2.4997949116158229        2.4997949410604456        1.0000000014070027     
  0.24249999999999999       0.99950771670131144        4.9241853821282880E-004  0.99931087809291397        2.4995076611087934        2.4995078308085787        1.0000000068531216     
  0.24750000000000000       0.99885726476843018        1.1434696233717256E-003  0.99840056664752419        2.4988569484925067        2.4988578633399738        1.0000000303003163     
  0.25250000000000000       0.99744096906085766        2.5627521047684766E-003  0.99641931140694273        2.4974393029622681        2.4974438956421054        1.0000001205951332     
  0.25750000000000001       0.99448167722904612        5.5358191290153453E-003  0.99228331387717994        2.4944735951345245        2.4944949994196013        1.0000004331397090     
  0.26250000000000001       0.98859510480531254        1.1480636001661493E-002  0.98407099798103392        2.4885592524121152        2.4886510936888415        1.0000013695588874     
  0.26750000000000002       0.97803818151421706        2.2248833397955001E-002  0.96939165905616842        2.4778983003386901        2.4782417443888951        1.0000026371910347     
  0.27250000000000002       0.96283796903920604        3.8007312847398889E-002  0.94836184423468961        2.4624128740504450        2.4634088600548236       0.99999903558428027     
  0.27750000000000002       0.94562118006329354        5.6230954764343248E-002  0.92469511337680854        2.4446764012702102        2.4468407653954443       0.99998732476991004     
  0.28250000000000003       0.92843504514068487        7.4827299020307159E-002  0.90123920824240789        2.4267696834565422        2.4305742635432903       0.99997223608642849     
  0.28750000000000003       0.91181217656045044        9.3211500731115393E-002  0.87871680117504025        2.4092593402562006        2.4151204598525684       0.99995714436603778     
  0.29249999999999998       0.89571101676187348       0.11140579502350530       0.85705795653708705        2.3921162643379037        2.4004292279541048       0.99994268775398187     
  0.29749999999999999       0.88001682427754524       0.12952159125588725       0.83609652686882274        2.3752288132537154        2.3863858233735207       0.99992874721120595     
  0.30249999999999999       0.86464949046941653       0.14763951876786297       0.81571655712746760        2.3585180067723654        2.3729127018465084       0.99991515727977687     
  0.30750000000000000       0.84956291091388048       0.16580615818007355       0.79584981371458574        2.3419390238519386        2.3599664999252368       0.99990181553673541     
  0.31250000000000000       0.83473071238043373       0.18404775761329023       0.77645554665931782        2.3254671690618336        2.3475232986549517       0.99988866862399717     
  0.31750000000000000       0.82013659074839995       0.20238012963708060       0.75750703987095658        2.3090880483082343        2.3355690411724193       0.99987568956168793     
  0.32250000000000001       0.80576933398539330       0.22081388365397087       0.73898473518292151        2.2927924407592237        2.3240946885362948       0.99986286409163072     
  0.32750000000000001       0.79162042829981549       0.23935697693815894       0.72087293624991799        2.2765738177012320        2.3130939170568965       0.99985018427591721     
  0.33250000000000002       0.77768288508972927       0.25801597589328829       0.70315819474246710        2.2604271233940576        2.3025620009584915       0.99983764562980948     
  0.33750000000000002       0.76395063285109077       0.27679671703509989       0.68582847310040507        2.2443481411255237        2.2924952402810317       0.99982524556441654     
  0.34250000000000003       0.75041818260720949       0.29570467699126146       0.66887268291106194        2.2283331428190132        2.2828906524780517       0.99981298241742123     
  0.34750000000000003       0.73708043555356895       0.31474519055498773       0.65228041845369455        2.2123786868790414        2.2737458013057839       0.99980085500460070     
  0.35249999999999998       0.72393257050691195       0.33392358235694414       0.63604179932686111        2.1964814999326947        2.2650587021293518       0.99978886253283106     
  0.35749999999999998       0.71096997947360963       0.35324524494916593       0.62014737811635845        2.1806384095693652        2.2568277717316154       0.99977700456175966     
  0.36249999999999999       0.69818823386628925       0.37271568086086060       0.60458808877331571        2.1648463102326541        2.2490518047236274       0.99976528088599625     
  0.36749999999999999       0.68558307070659896       0.39234051898964928       0.58935522102214954        2.1491021518906832        2.2417299658761314       0.99975369148053062     
  0.37250000000000000       0.67315039166310831       0.41212551232107320       0.57444041109028932        2.1334029445896086        2.2348617913542581       0.99974223668236140     
  0.37750000000000000       0.66088626978207587       0.43207652243002870       0.55983564182107726        2.1177457734357250        2.2284471936883943       0.99973091758296340     
  0.38250000000000001       0.64878695999769131       0.45219949552808975       0.54553324694412941        2.1021278192230883        2.2224864664962549       0.99971973640904022     
  0.38750000000000001       0.63684891029141721       0.47250043446141443       0.53152591548902306        2.0865463805449589        2.2169802861153221       0.99970869665471918     
  0.39250000000000002       0.62506877094669133       0.49298537074121906       0.51780669332823814        2.0709988940256907        2.2119297085590168       0.99969780289448396     
  0.39750000000000002       0.61344339990099517       0.51366034025897178       0.50436897975872796        2.0554829501797931        2.2073361614022469       0.99968706040664768     
  0.40250000000000002       0.60196986280930220       0.53453136580677607       0.49120651789117553        2.0399963031321420        2.2032014310979386       0.99967647481776978     
  0.40750000000000003       0.59064542702979428       0.55560444902618855       0.47831337832400200        2.0245368728634645        2.1995276467275535       0.99966605189569668     
  0.41250000000000003       0.57946754917943732       0.57688557416756236       0.46568393603691993        2.0091027387830342        2.1963172614423021       0.99965579746119360     
  0.41749999999999998       0.56843385606751973       0.59838072612102677       0.45331284059400129        1.9936921233459921        2.1935730330127896       0.99964571727638429     
  0.42249999999999999       0.55754211897249939       0.62009592537803293       0.44119497994028462        1.9783033645662855        2.1912980053680666       0.99963581675331847     
  0.42749999999999999       0.54679022160975421       0.64203728131431925       0.42932543861855604        1.9629348772670947        2.1894954934005009       0.99962610057368273     
  0.43250000000000000       0.53617612528263114       0.66421106126721208       0.41769945432316274        1.9475851060273504        2.1881690740025577       0.99961657157992834     
  0.43750000000000000       0.52569783744334642       0.68662375681722876       0.40631238074738313        1.9322524833059200        2.1873225859175829       0.99960723140671026     
  0.44250000000000000       0.51535341309375060       0.70928210648330814       0.39515968454697736        1.9169354199808699        2.1869601378308583       0.99959807421377900     
  0.44750000000000001       0.50514101479445328       0.73219292632848776       0.38423701156319173        1.9016324170367633        2.1870861069422314       0.99958909731854984     
  0.45250000000000001       0.49505924518639427       0.75536249927551369       0.37354051717196196        1.8863424974081671        2.1877051435023835       0.99958025839635700     
  0.45750000000000002       0.48510783712304312       0.77879427832810277       0.36306761004458787        1.8710665045002108        2.1888217728625916       0.99957157875096725     
  0.46250000000000002       0.47529085213751948       0.80248291397800042       0.35282004550919877        1.8558112570569461        2.1904401409815253       0.99956263641386034     
  0.46750000000000003       0.46562226676692958       0.82639157444171263       0.34281017053998175        1.8406023240700051        2.1925594468204439       0.99955445945864796     
  0.47250000000000003       0.45615712808915349       0.85039465168863582       0.33308939165102791        1.8255189447896090        2.1951644383392832       0.99954085336048037     
  0.47750000000000004       0.44703428625886243       0.87407603313533744       0.32379988739795046        1.8108224433284796        2.1981980989079064       0.99953849901203118     
  0.48249999999999998       0.43868526637151062       0.89633912552728479       0.31535020851294820        1.7971324357511402        2.2014129615936531       0.99949092353117863     
  0.48749999999999999       0.43188488050828372       0.91476724356607286       0.30853348578712614        1.7859706354157057        2.2044302540629932       0.99950991166301473     
  0.49249999999999999       0.42770077594730993       0.92633579263796795       0.30434412858061083        1.7789547371437560        2.2063796380728982       0.99946795501465813     
  0.49750000000000000       0.42625180794048168       0.93038134826081298       0.30289668236139716        1.7765125960691013        2.2070871031930874       0.99945164892049709     
  0.50250000000000006       0.42629464236792813       0.93026653662670045       0.30293857595534868        1.7765797751563532        2.2070642988853417       0.99944927032154995     
  0.50750000000000006       0.42677789175384506       0.92892713297643215       0.30341886793007694        1.7773815946930629        2.2068211126314075       0.99944731236120044     
  0.51249999999999996       0.42652843286990272       0.92962469651076718       0.30316970201249571        1.7769606821555486        2.2069435532730042       0.99944434499636448     
  0.51749999999999996       0.42632444154634058       0.93017959200486633       0.30296931290808971        1.7766358398850892        2.2070534819901213       0.99945286539225964     
  0.52249999999999996       0.42632006037012959       0.93022355805323254       0.30295581248848452        1.7765749295579676        2.2070185031631824       0.99942270835865366     
  0.52749999999999997       0.42633909188974867       0.93018147033218157       0.30297291252250513        1.7765958968222766        2.2070056003614660       0.99941665771681032     
  0.53249999999999997       0.42634941272315874       0.93016441209273459       0.30297992288829723        1.7765939968881292        2.2069874540632131       0.99940591152405511     
  0.53749999999999998       0.42630819124677205       0.93029034727892623       0.30293594429033210        1.7765078792197966        2.2069970181219909       0.99939611851310028     
  0.54249999999999998       0.42626362541665147       0.93040389650915900       0.30289750210632704        1.7764681528376944        2.2070527583264847       0.99941556242392116     
  0.54749999999999999       0.42626042733377001       0.93042974563680259       0.30288713855261151        1.7764206992374945        2.2070177281037542       0.99939186492676535     
  0.55249999999999999       0.42627598184392218       0.93039453111807779       0.30290073408974205        1.7764356132586836        2.2070036634499943       0.99938566824278097     
  0.55750000000000000       0.42630383952773604       0.93033197606740503       0.30292456303290699        1.7764592700390063        2.2069751568153571       0.99937285344605109     
  0.56250000000000000       0.42632869387239980       0.93028403535384974       0.30294426838295291        1.7764712576068373        2.2069456807317356       0.99935629186553654     
  0.56750000000000000       0.42636677437091186       0.93018887737671185       0.30297911571765085        1.7765169211688998        2.2069143459877516       0.99934627550825095     
  0.57250000000000001       0.42642673649285101       0.93003922219537194       0.30303115453153567        1.7765722022018198        2.2068445362157840       0.99932115934691457     
  0.57750000000000001       0.42645483322261063       0.92993483752559336       0.30306837711483514        1.7766733631825944        2.2068736127206989       0.99935172445991582     
  0.58250000000000002       0.42645241984348548       0.92991003460709087       0.30307446590622411        1.7767191121664705        2.2069074906687951       0.99937971983355034     
  0.58750000000000002       0.42643260354902701       0.92996121814945565       0.30305685082437350        1.7766984061616848        2.2069291283049037       0.99938664896259455     
  0.59250000000000003       0.42644132647006172       0.92994269440780519       0.30306423715531766        1.7767053656829055        2.2069206338029943       0.99938238654549039     
  0.59750000000000003       0.42648114469475273       0.92985908941242001       0.30309437243807724        1.7767161351002541        2.2068566583415605       0.99935112022493156     
  0.60250000000000004       0.42649130880938241       0.92982513591320592       0.30310901066315871        1.7767595986266125        2.2068792312528913       0.99936604030271414     
  0.60750000000000004       0.42648506839033218       0.92983630524311078       0.30310464811705190        1.7767600238681822        2.2068900929460695       0.99937212863564306     
  0.61250000000000004       0.42648687383662309       0.92980673452111517       0.30311245294734457        1.7767982530188007        2.2069102186584515       0.99939193904637680     
  0.61750000000000005       0.42648746927846870       0.92974659976355334       0.30312913349525045        1.7768935509880526        2.2069729498250843       0.99944498294083661     
  0.62250000000000005       0.42647936911748907       0.92967888105670815       0.30314348940087293        1.7770114532630608        2.2070567370636160       0.99951889262587357     
  0.62750000000000006       0.42646122628885474       0.92959506109107581       0.30316162995541979        1.7771933957137733        2.2072051601409086       0.99963824056288819     
  0.63250000000000006       0.42642847747843615       0.92950873833400194       0.30317415798614833        1.7774033278621704        2.2073860196861164       0.99978703445878847     
  0.63750000000000007       0.42634071336528084       0.92946126971812637       0.30316196975290588        1.7776977441347619        2.2077077367358506        1.0000349760024916     
  0.64249999999999996       0.42618462366565668       0.92934739959157564       0.30314694491965849        1.7782606884796859        2.2083014628912583        1.0004981925540504     
  0.64749999999999996       0.42591213384008664       0.92899214042678502       0.30316273821343087        1.7794910858729884        2.2095004643540852        1.0014466151087240     
  0.65249999999999997       0.42531811058450691       0.92832239030320118       0.30316853656883108        1.7820105059257418        2.2120080174064243        1.0034245008080040     
  0.65749999999999997       0.42406929646657421       0.92694235790552704       0.30317258417826404        1.7872820946031436        2.2172703489510317        1.0075772753335608     
  0.66249999999999998       0.42152722344159538       0.92410394551402308       0.30318688663033683        1.7981453496344872        2.2281018056694752        1.0161423088942345     
  0.66749999999999998       0.41651971696674245       0.91858388471011310       0.30319061661198604        1.8197855003115899        2.2497334435919840        1.0332988970509160     
  0.67249999999999999       0.40715713902051975       0.90820954709498336       0.30318852334528296        1.8616186128692873        2.2915715000156696        1.0667088105392919     
  0.67749999999999999       0.39057444655798157       0.88950899079785917       0.30319271770215767        1.9406845505005930        2.3706303042373191        1.1306635960659233     
  0.68250000000000000       0.36295668791889524       0.85745391875700450       0.30316789260988902        2.0881823004018711        2.5180630729559268        1.2528136609161644     
  0.68750000000000000       0.32320489718027862       0.80922839539004099       0.30321602287765653        2.3453854313702389        2.7754310046313115        1.4739509843037244     
  0.69250000000000000       0.28785774314061313       0.76424354451842624       0.30363169524563033        2.6369943355780423        3.0682460019334341        1.7357933562973429     
  0.69750000000000001       0.27126192905041785       0.74137088509935911       0.30308926783289414        2.7933266280112683        3.2232101574015872        1.8828953130284036     
  0.70250000000000001       0.26558864606391042       0.73321902219343882       0.30278329084535988        2.8501151624201881        3.2791453852517951        1.9374861109457397     
  0.70750000000000002       0.26406313225758798       0.73118775203115594       0.30283071051963878        2.8670294479449887        3.2962178732774965        1.9534803042091200     
  0.71250000000000002       0.26375527607471183       0.73085359496501290       0.30292315373871032        2.8712520773698551        3.3006798504425432        1.9572705042092369     
  0.71750000000000003       0.26371530597902632       0.73097201688771918       0.30299644433760026        2.8723820486333289        3.3021180499366403        1.9581594842417791     
  0.72250000000000003       0.26388461442233579       0.73136946140064873       0.30313282479478432        2.8718311738102464        3.3019521089313275        1.9572813993754716     
  0.72750000000000004       0.26447051617049722       0.73244390550179794       0.30337994985472372        2.8678050227264529        3.2985858756082664        1.9528042304112689     
  0.73250000000000004       0.26531359625141315       0.73376793963722597       0.30352417064169313        2.8600510389417755        3.2912217770872112        1.9450464271900554     
  0.73750000000000004       0.26567167574820549       0.73423528445349717       0.30345525958457825        2.8555477238019797        3.2865881033147111        1.9409364324628846     
  0.74250000000000005       0.26578400457677781       0.73426695066875780       0.30332446161551019        2.8531105746798997        3.2838202194393040        1.9389520023050539     
  0.74750000000000005       0.26579724949153449       0.73409952778266185       0.30318041930459616        2.8516135878435076        3.2819009554159209        1.9378960333801698     
  0.75250000000000006       0.26568772837162286       0.73371517609323322       0.30296639589395546        2.8507752103457169        3.2804857531737004        1.9376456902298353     
  0.75750000000000006       0.26560583647252489       0.73352062168859744       0.30288988829334429        2.8509340411715338        3.2804406558137136        1.9379926041594286     
  0.76250000000000007       0.26558379413317446       0.73348825037125631       0.30288636250315681        2.8511374676656422        3.2806368181108114        1.9381952294142646     
  0.76750000000000007       0.26557534400052085       0.73349248270251277       0.30289761386066372        2.8513341006918713        3.2808680291126349        1.9383535694209386     
  0.77249999999999996       0.26558624277931908       0.73355713134377731       0.30293999901091268        2.8516160686703156        3.2812682010754766        1.9385134319194137     
  0.77749999999999997       0.26565571827974843       0.73379151473346238       0.30306180157815754        2.8520165455183122        3.2820036617143122        1.9385828419909175     
  0.78249999999999997       0.26577823760168534       0.73418923597255148       0.30326090922029525        2.8525746874240343        3.2831122833475104        1.9386046430764008     
  0.78749999999999998       0.26581797725164469       0.73434317913037794       0.30334511785816387        2.8529402054981503        3.2837135592592417        1.9387371002930498     
  0.79249999999999998       0.26580490826951142       0.73433556504257702       0.30335160360518920        2.8531414786517750        3.2839362896142834        1.9389120083137354     
  0.79749999999999999       0.26576174066214076       0.73426419194354420       0.30334498421419231        2.8535426455517414        3.2843142794114901        1.9393106160312517     
  0.80249999999999999       0.26568383637312232       0.73409451715640406       0.30329573436075619        2.8539159410399018        3.2845448380449933        1.9397917822711797     
  0.80750000000000000       0.26556155690913846       0.73376150171643184       0.30315622726958635        2.8539167227178037        3.2841551242549087        1.9401495399877162     
  0.81250000000000000       0.26543413289672596       0.73338850028238134       0.30298860590469390        2.8537080235134975        3.2834776899558422        1.9403801356289081     
  0.81750000000000000       0.26537911999123970       0.73324193212880140       0.30293188502838553        2.8537652570253598        3.2833717771027926        1.9405799405810031     
  0.82250000000000001       0.26534941917800786       0.73316270595825950       0.30290382742732613        2.8538203358957159        3.2833423135413513        1.9407042777344354     
  0.82750000000000001       0.26531214281327992       0.73304446264388057       0.30285115628788301        2.8537249848098942        3.2830940819403964        1.9407484948043348     
  0.83250000000000002       0.26517548271385377       0.73257882683040132       0.30261581974717183        2.8529769857505958        3.2816883782440174        1.9406397037716583     
  0.83750000000000002       0.26444629907066225       0.73017655874691989       0.30141306165025650        2.8494732456977636        3.2748545395514697        1.9403924565507045     
  0.84250000000000003       0.26076924807156487       0.71809923255352803       0.29551011494864227        2.8330613860145739        3.2421175499763528        1.9400522483041074     
  0.84750000000000003       0.24335887313864127       0.65838379453187845       0.26798889838308143        2.7530216478937315        3.0871596895687556        1.9380757318036230     
  0.85250000000000004       0.18213750445786453       0.39484823354002474       0.17656578654491806        2.4235231929644203        2.5293183068560903        1.9157878686412393     
  0.85750000000000004       0.13385380468934899        7.1304559453897007E-002  0.11047883318497315        2.0634234761084120        2.0663609972479611        1.8449987258477329     
  0.86250000000000004       0.12607893639142465        8.6472249050991348E-003  0.10121674019265474        2.0070113035855823        2.0070533240994544        1.8380308448895117     
  0.86750000000000005       0.12512092904962702        9.6759414974038579E-004  0.10013553607147584        2.0007751067720823        2.0007756312687994        1.8379186405922308     
  0.87250000000000005       0.12501342773618410        1.0742390704109172E-004  0.10001504022157452        2.0000859514194813        2.0000859578821006        1.8379173833202689     
  0.87750000000000006       0.12500148920046117        1.1913680054674833E-005  0.10000166791872610        2.0000095310535944        2.0000095311330788        1.8379173681833716     
  0.88250000000000006       0.12500016498863220        1.3200650755280716E-006  0.10000018478744284        2.0000010559293484        2.0000010559303241        1.8379173679975713     
  0.88750000000000007       0.12500001796520679        1.4440468139856070E-007  0.10000002012103375        2.0000001149773503        2.0000001149773619        1.8379173679952843     
  0.89250000000000007       0.12500000178044318        1.3729035761048053E-008  0.10000000199409641        2.0000000113948375        2.0000000113948375        1.8379173679952565     
  0.89749999999999996       0.12499999994830628        4.0923014737336188E-010   9.9999999942103054E-002   1.9999999996691611        1.9999999996691611        1.8379173679952561     
  0.90249999999999997       0.12499999999261929        5.9051730164751627E-011   9.9999999991733660E-002   1.9999999999527649        1.9999999999527649        1.8379173679952567     
  0.90749999999999997       0.12499999999843021        1.2558470128038242E-011   9.9999999998241912E-002   1.9999999999899551        1.9999999999899554        1.8379173679952572     
  0.91249999999999998       0.12499999999925648        5.9476094857775398E-012   9.9999999999167394E-002   1.9999999999952447        1.9999999999952447        1.8379173679952581     
  0.91749999999999998       0.12499999999968850        2.4918303479731289E-012   9.9999999999651187E-002   1.9999999999980083        1.9999999999980083        1.8379173679952570     
  0.92249999999999999       0.12499999999987428        1.0059098019097807E-012   9.9999999999859188E-002   1.9999999999991955        1.9999999999991958        1.8379173679952554     
  0.92749999999999999       0.12499999999994969        4.0305605265785257E-013   9.9999999999943648E-002   1.9999999999996783        1.9999999999996783        1.8379173679952554     
  0.93250000000000000       0.12499999999998014        1.5879041974082491E-013   9.9999999999977843E-002   1.9999999999998750        1.9999999999998750        1.8379173679952572     
  0.93750000000000000       0.12499999999999237        6.0889411653260277E-014   9.9999999999991554E-002   1.9999999999999536        1.9999999999999536        1.8379173679952576     
  0.94250000000000000       0.12499999999999718        2.2557397104761816E-014   9.9999999999996897E-002   1.9999999999999833        1.9999999999999833        1.8379173679952567     
  0.94750000000000001       0.12499999999999899        8.0254614376405026E-015   9.9999999999998923E-002   1.9999999999999949        1.9999999999999949        1.8379173679952567     
  0.95250000000000001       0.12499999999999967        2.6248890339318103E-015   9.9999999999999686E-002   1.9999999999999993        1.9999999999999993        1.8379173679952567     
  0.95750000000000002       0.12499999999999992        6.8298009685766517E-016   9.9999999999999950E-002   2.0000000000000009        2.0000000000000009        1.8379173679952565     
  0.96250000000000002       0.12500000000000000        9.9997212089918492E-017  0.10000000000000001        2.0000000000000004        2.0000000000000004        1.8379173679952556     
  0.96750000000000003       0.12500000000000000        0.0000000000000000       0.10000000000000001        2.0000000000000004        2.0000000000000004        1.8379173679952556     
  0.97250000000000003       0.12500000000000000        0.0000000000000000       0.10000000000000001        2.0000000000000004        2.0000000000000004        1.8379173679952556     
  0.97750000000000004       0.12500000000000000        0.0000000000000000       0.10000000000000001        2.0000000000000004        2.0000000000000004        1.8379173679952556     
  0.98250000000000004       0.12500000000000000        0.0000000000000000       0.10000000000000001        2.0000000000000004        2.0000000000000004        1.8379173679952556     
  0.98750000000000004       0.12500000000000000        0.0000000000000000       0.10000000000000001        2.0000000000000004        2.0000000000000004        1.8379173679952556     
  0.99250000000000005       0.12500000000000000        0.0000000000000000       0.10000000000000001        2.0000000000000004        2.0000000000000004        1.8379173679952556     
  0.99750000000000005       0.12500000000000000        0.0000000000000000       0.10000000000000001        2.0000000000000004        2.0000000000000004        1.8379173679952556     
   1.0000000000000000       0.12500000000000000        0.0000000000000000       0.10000000000000001        2.0000000000000004        2.0000000000000004        1.8379173679952556     
